business_name,search_category,primary_category,all_categories,pincode,circle,region,division,major_offices,phone_number,website,rating,reviews_count,address,area,latitude,longitude,place_id,place_url,part_id,crawled_at,s_no
Patel Tractor Agent,Commercial Vehicle and Tractor Dealer,Tractor dealer,Tractor dealer,384340,Gujarat Circle,Ahmedabad HQ Region,Mahesana Division,"Sudasana SO, Sardarpur BO, Umari BO",+91 98240 69369,N/A,4.7,,"Ramosana circle opp Indian oil petrol pump Mehsana-Unjha, highway, Mehsana, Gujarat 384002",Radhakrishna Township,23.623358,72.3887433,ChIJk2H6u1lDXDkRrCgUMWdYUDE,https://www.google.com/maps/place/?q=place_id:ChIJk2H6u1lDXDkRrCgUMWdYUDE,part_105,2026-09-20 16:40:17,2008
Swaraj Tractors - M/S Pavansut Sales Agency,Commercial Vehicle and Tractor Dealer,Tractor dealer,Tractor dealer,384340,Gujarat Circle,Ahmedabad HQ Region,Mahesana Division,"Sudasana SO, Sardarpur BO, Umari BO",+91 80 4526 2387,https://dealers.swarajtractors.com/swaraj-tractors/tractor-showroom-in-mehsana/tractor-showroom-in-Dediyasan-GIDC/swaraj-tractors-ms-pavansut-sales-agency-in-Dediyasan-GIDC-mehsana--3mF0tD/home,4.1,,"Modhera Rd, nearby Shrifal bungalow, Dediyasan GIDC, Dediyasan, Mehsana, Gujarat 384002","Dediyasan GIDC, Dediyasan",23.593467399999998,72.3518264,ChIJGZYfTbdDXDkRvrxfsnfUUsU,https://www.google.com/maps/place/?q=place_id:ChIJGZYfTbdDXDkRvrxfsnfUUsU,part_105,2026-09-20 16:40:17,2009
PATEL TRACTOR GARAGE,Commercial Vehicle and Tractor Dealer,Tractor dealer,Tractor dealer,384340,Gujarat Circle,Ahmedabad HQ Region,Mahesana Division,"Sudasana SO, Sardarpur BO, Umari BO",+91 98256 13221,N/A,5.0,,"Modhera Rd, Dediyasan, Mehsana, Gujarat 384002",Dediyasan,23.5934894,72.34006409999999,ChIJpa3dmBNDXDkR5ILstEnjjnc,https://www.google.com/maps/place/?q=place_id:ChIJpa3dmBNDXDkR5ILstEnjjnc,part_105,2026-09-20 16:40:17,2010
STARLINE TRACTORS PVT LTD,Commercial Vehicle and Tractor Dealer,Agricultural service,Agricultural service,384340,Gujarat Circle,Ahmedabad HQ Region,Mahesana Division,"Sudasana SO, Sardarpur BO, Umari BO",+91 97129 07998,N/A,4.5,,"NAGALPUR HIGHWAY, ROAD, beside STARLINE CARS NEXA, Mehsana, Gujarat 384001","Vidhyanagar, Nagalpur",23.5825975,72.3704436,ChIJTYre849BXDkR1w8Xmnms3nI,https://www.google.com/maps/place/?q=place_id:ChIJTYre849BXDkR1w8Xmnms3nI,part_105,2026-09-20 16:40:17,2011
Massey Ferguson - Prajas Automobiles,Commercial Vehicle and Tractor Dealer,Tractor dealer,"Tractor dealer, Agricultural machinery manufacturer, Farm equipment supplier, Machinery parts manufacturer, Tractor parts store, Tractor repair shop",384340,Gujarat Circle,Ahmedabad HQ Region,Mahesana Division,"Sudasana SO, Sardarpur BO, Umari BO",+91 80 4492 3939,https://dealers.masseyfergusonindia.com/tractors-in-randheja-gandhinagar-gujarat-382620/home,4.6,,"Mansa - Gandhinagar Hwy, Randheja, Gujarat 382620",384340,23.2838629,72.6458533,ChIJKwqzjEMsXDkRBKCi-G1vZBs,https://www.google.com/maps/place/?q=place_id:ChIJKwqzjEMsXDkRBKCi-G1vZBs,part_105,2026-09-20 16:40:17,2012
Laxmi Tractors,Commercial Vehicle and Tractor Dealer,Tractor dealer,"Tractor dealer, Farm equipment supplier",384340,Gujarat Circle,Ahmedabad HQ Region,Mahesana Division,"Sudasana SO, Sardarpur BO, Umari BO",+91 99250 01448,https://dealers.sonalika.com/sonalika-laxmi-tractors-tractor-dealer-modhera-road-mehsana-164206/Home?utm_source=locator&utm_medium=googleplaces,4.8,,"No 105, 1, Modhera Rd, Sadanand Nagar, Mahesana GIDC, Mehsana, Gujarat 384002","Sadanand Nagar, Mahesana GIDC",23.5931067,72.3709305,ChIJ47OoOCpCXDkRky4EyHjzhiM,https://www.google.com/maps/place/?q=place_id:ChIJ47OoOCpCXDkRky4EyHjzhiM,part_105,2026-09-20 16:40:17,2013
Ashok Leyland Light Commercial Vehicle Dealer - Dutt Autohaus,Commercial Vehicle and Tractor Dealer,Motor vehicle dealer,Motor vehicle dealer,384340,Gujarat Circle,Ahmedabad HQ Region,Mahesana Division,"Sudasana SO, Sardarpur BO, Umari BO",+91 99799 88811,http://duttautohaus.blogspot.com/,4.6,,"Opposites Jalaram Temple, Near Palavasana Railway Crossing, Mehsana, Gujarat 384003",Palavasna,23.5577675,72.3756421,ChIJXZQYLvRBXDkRwWESnmL-IHY,https://www.google.com/maps/place/?q=place_id:ChIJXZQYLvRBXDkRwWESnmL-IHY,part_105,2026-09-20 16:40:18,2014
DEUTZ FAHR VINAYAK TRACTORS,Commercial Vehicle and Tractor Dealer,Tractor dealer,"Tractor dealer, Shopping mall",384340,Gujarat Circle,Ahmedabad HQ Region,Mahesana Division,"Sudasana SO, Sardarpur BO, Umari BO",+91 99090 09431,N/A,4.8,,"Axar complex, under hajira bridge, Ganeshpur, Modasa, Gujarat 383315",GIDC,23.471832499999998,73.29360179999999,ChIJsRr-BcDxXTkRPwH41oRzfNc,https://www.google.com/maps/place/?q=place_id:ChIJsRr-BcDxXTkRPwH41oRzfNc,part_105,2026-09-20 16:40:18,2015
Shivsagar Auto Agency,Commercial Vehicle and Tractor Dealer,Tractor dealer,Tractor dealer,384340,Gujarat Circle,Ahmedabad HQ Region,Mahesana Division,"Sudasana SO, Sardarpur BO, Umari BO",+91 94286 43048,N/A,4.5,,"Near adinath auto mobile HP pump N H 8, Mogar, Gujarat 388340",384340,22.5095887,73.0276179,ChIJw1UVkghLXjkRFM7ZD9IAJBQ,https://www.google.com/maps/place/?q=place_id:ChIJw1UVkghLXjkRFM7ZD9IAJBQ,part_105,2026-09-20 16:40:18,2016
"Mahindra Tractors - Palavasna, Mehsana",Commercial Vehicle and Tractor Dealer,Tractor dealer,"Tractor dealer, Farm equipment supplier, Tractor repair shop",384340,Gujarat Circle,Ahmedabad HQ Region,Mahesana Division,"Sudasana SO, Sardarpur BO, Umari BO",+91 8071 326 437,https://dealer.mahindratractor.com/mahindra-tractors/tractor-showroom-in-mehsana/tractor-showroom-in-palavasna/mahindra-tractors-umiya-tractors-in-palavasna-mehsana--986ca22b-da66-4434-963b-914d22433588/home,4.8,,"Survey No 185, Umiya Tractors, New, Mehsana - Becharaji Hwy, nearby ONGC Fire Station, Part, Palavasna, Mehsana, Palwasana (part), Gujarat 384003","Part, Palavasna",23.568329799999997,72.3627013,ChIJQ9HZ22ZBXDkRtVoEGu6_uug,https://www.google.com/maps/place/?q=place_id:ChIJQ9HZ22ZBXDkRtVoEGu6_uug,part_105,2026-09-20 16:40:18,2017
Sagar Motors - Authorized Ashok Leyland Service Center,Commercial Vehicle and Tractor Dealer,Truck repair shop,"Truck repair shop, Diesel engine dealer, Diesel engine repair service, Mechanic, Resume service, Truck parts supplier, Wheel alignment service, Wholesaler",384340,Gujarat Circle,Ahmedabad HQ Region,Mahesana Division,"Sudasana SO, Sardarpur BO, Umari BO",+91 97129 22486,http://www.sagarmotors.co/,4.8,,"62/001, Sagar Motors, Mehsana By Pass, Shree Shuleshwari Petroleum , Near Fatehpura Overbridge Polodar, Mehsana - 384005, Mehsana, Gujarat 384205",384340,23.6356285,72.3702338,ChIJQ2kErwRDXDkR6FPvTyLQC0E,https://www.google.com/maps/place/?q=place_id:ChIJQ2kErwRDXDkR6FPvTyLQC0E,part_105,2026-09-20 16:40:18,2018
Mahindra Tractors - Kalpataru Tractors,Commercial Vehicle and Tractor Dealer,Tractor dealer,"Tractor dealer, Farm equipment supplier, Tractor repair shop",384340,Gujarat Circle,Ahmedabad HQ Region,Mahesana Division,"Sudasana SO, Sardarpur BO, Umari BO",+91 8071 639 149,https://dealer.mahindratractor.com/mahindra-tractors/tractor-showroom-in-mehsana/tractor-showroom-in-vijapur/mahindra-tractors-kalpataru-tractors-in-vijapur-mehsana--a6e1e00d-51dc-409a-8301-72da13cbc89d/home,4.9,,"Amar Arcade, Khanusa, nearby Substation, Vijapur, Gujarat 384570",Industrial Area,23.5508284,72.73469589999999,ChIJY0Ce-IK1XTkRnRXrKtWOaVY,https://www.google.com/maps/place/?q=place_id:ChIJY0Ce-IK1XTkRnRXrKtWOaVY,part_105,2026-09-20 16:40:18,2019
Gokul Auto (Escorts Tractor),Commercial Vehicle and Tractor Dealer,Tractor dealer,Tractor dealer,384340,Gujarat Circle,Ahmedabad HQ Region,Mahesana Division,"Sudasana SO, Sardarpur BO, Umari BO",+91 98254 12083,N/A,5.0,,"G9XH+8P4, Mehsana Rd, Mehsana, Gujarat 384001",384340,23.548255599999997,72.37933989999999,ChIJ919ik-tBXDkRpc3WGzsvSmU,https://www.google.com/maps/place/?q=place_id:ChIJ919ik-tBXDkRpc3WGzsvSmU,part_105,2026-09-20 16:40:18,2020
JAY AMBE TRACTORS,Commercial Vehicle and Tractor Dealer,Tractor dealer,Tractor dealer,384340,Gujarat Circle,Ahmedabad HQ Region,Mahesana Division,"Sudasana SO, Sardarpur BO, Umari BO",N/A,N/A,3.7,,"TO, Bechraji Rd, RTO, Palavasna, Mehsana, Palwasana (part), Gujarat 384003","RTO, Palavasna",23.5698714,72.3670636,ChIJ9Y1I7I1BXDkRCpMhCapoGq0,https://www.google.com/maps/place/?q=place_id:ChIJ9Y1I7I1BXDkRCpMhCapoGq0,part_105,2026-09-20 16:40:18,2021
Raj Automotive- Powertrac Tractor,Commercial Vehicle and Tractor Dealer,Tractor dealer,Tractor dealer,384340,Gujarat Circle,Ahmedabad HQ Region,Mahesana Division,"Sudasana SO, Sardarpur BO, Umari BO",N/A,N/A,4.7,,"RTO by pass road, near Metro diesel pump, near MHK mall, Zahirabad, Himatnagar, Parabada, Gujarat 383002",Zahirabad,23.6043895,72.9436515,ChIJEzhiHGO5XTkRiGCH6tv3awc,https://www.google.com/maps/place/?q=place_id:ChIJEzhiHGO5XTkRiGCH6tv3awc,part_105,2026-09-20 16:40:18,2022
HIND MOTORS / SABAR CAR BAJAR,Commercial Vehicle and Tractor Dealer,Used truck dealer,"Used truck dealer, Truck dealer, Trucking company",384340,Gujarat Circle,Ahmedabad HQ Region,Mahesana Division,"Sudasana SO, Sardarpur BO, Umari BO",+91 98988 66809,N/A,4.8,,"Near TB Hospital, Bhalej Rd, opp. Mota Madarsa, Anand, Gujarat 388001","Ismaile Nagar, Gamdi",22.5748016,72.9678881,ChIJoXMNPJVOXjkRplxj9y8b4Pg,https://www.google.com/maps/place/?q=place_id:ChIJoXMNPJVOXjkRplxj9y8b4Pg,part_105,2026-09-20 16:40:18,2023
Shree Ambica Sales Corporation,Commercial Vehicle and Tractor Dealer,Tractor dealer,Tractor dealer,384340,Gujarat Circle,Ahmedabad HQ Region,Mahesana Division,"Sudasana SO, Sardarpur BO, Umari BO",+91 94270 52011,N/A,5.0,,"opp. Police Station, Near Railway Station, Mandal, Gujarat 382130",Near Railway Station,23.286282399999997,71.9175985,ChIJkS5iVsH3WzkR-UTjq6d5cs0,https://www.google.com/maps/place/?q=place_id:ChIJkS5iVsH3WzkR-UTjq6d5cs0,part_105,2026-09-20 16:40:18,2024
Mahavir Old Tractor Broker,Commercial Vehicle and Tractor Dealer,Tractor dealer,Tractor dealer,384340,Gujarat Circle,Ahmedabad HQ Region,Mahesana Division,"Sudasana SO, Sardarpur BO, Umari BO",N/A,N/A,5.0,,"Dasada Road, near Maruti Showroom, Jalisana, Mandal, Gujarat 382130",Jalisana,23.2889236,71.9185736,ChIJSVJF7Mv3WzkR7BIKFRE_X_c,https://www.google.com/maps/place/?q=place_id:ChIJSVJF7Mv3WzkR7BIKFRE_X_c,part_105,2026-09-20 16:40:18,2025
Mahindra Tractor - Shree Ambika Tractors,Commercial Vehicle and Tractor Dealer,Tractor dealer,Tractor dealer,384340,Gujarat Circle,Ahmedabad HQ Region,Mahesana Division,"Sudasana SO, Sardarpur BO, Umari BO",+91 98257 99005,https://dealer.mahindratractor.com/visnagar-mehsana-5583196231172096/overview,,,"Umta Road, opposite HP Petrol Pump, Visnagar, Gujarat 384002","Kalapi Nagar, Nagalpur",23.58796,72.36932999999999,ChIJaxVzcEBBXDkRrj6w_3yFx5s,https://www.google.com/maps/place/?q=place_id:ChIJaxVzcEBBXDkRrj6w_3yFx5s,part_105,2026-09-20 16:40:18,2026
VIKAS Tractors & Automobiles,Commercial Vehicle and Tractor Dealer,Tractor dealer,Tractor dealer,384340,Gujarat Circle,Ahmedabad HQ Region,Mahesana Division,"Sudasana SO, Sardarpur BO, Umari BO",+91 99794 38030,N/A,4.6,,"RAMMIL, JAKATNAKA, Junagadh Rd, Visavadar, Gujarat 362130",384340,21.3450447,70.74898209999999,ChIJNcDj5KSj4jsRsoK04ZEd1IQ,https://www.google.com/maps/place/?q=place_id:ChIJNcDj5KSj4jsRsoK04ZEd1IQ,part_105,2026-09-20 16:40:19,2027
Patel Tractor,Commercial Vehicle and Tractor Dealer,Tractor dealer,Tractor dealer,384340,Gujarat Circle,Ahmedabad HQ Region,Mahesana Division,"Sudasana SO, Sardarpur BO, Umari BO",+91 80 4492 3929,N/A,4.2,,"4 D Industrial Estate Borsad, Jitodia Rd, Anand, Gujarat 388001","Borsad Chokdi, Jitodia",22.5392224,72.9553341,ChIJaQjFBVBNXjkRJcNulq422Bs,https://www.google.com/maps/place/?q=place_id:ChIJaQjFBVBNXjkRJcNulq422Bs,part_105,2026-09-20 16:40:19,2028
Massey Ferguson - Rajdhani Tractors,Commercial Vehicle and Tractor Dealer,Tractor dealer,"Tractor dealer, Agricultural machinery manufacturer, Farm equipment supplier, Machinery parts manufacturer, Tractor parts store, Tractor repair shop",384340,Gujarat Circle,Ahmedabad HQ Region,Mahesana Division,"Sudasana SO, Sardarpur BO, Umari BO",+91 80 4492 3947,https://dealers.masseyfergusonindia.com/tractors-in-neswad-bhavnagar-gujarat-364290/home,4.2,,"Rajula Road, near Vishwas Cricket Box, Neswad, Mahuva, Gujarat 364290",384340,21.097082999999998,71.74806149999999,ChIJK6ue7zo74jsRhcDTRRrWV6M,https://www.google.com/maps/place/?q=place_id:ChIJK6ue7zo74jsRhcDTRRrWV6M,part_105,2026-09-20 16:40:19,2029
Farmtrac Tractor - HEER ENTERPRISE,Commercial Vehicle and Tractor Dealer,Tractor dealer,Tractor dealer,384340,Gujarat Circle,Ahmedabad HQ Region,Mahesana Division,"Sudasana SO, Sardarpur BO, Umari BO",+91 98253 56495,https://www.farmtracagri.com/in/en/dealers/heer-enterprise-rapar-ft/,5.0,,"SHOP NO. 36, 83/0, Pragpar Cir Rd, KHODIYAR MANDIR, SAME, Rapar, Gujarat 370165","KHODIYAR MANDIR, SAME",23.577412,70.6576594,ChIJdeZox8BjWjkRLr85d431lCA,https://www.google.com/maps/place/?q=place_id:ChIJdeZox8BjWjkRLr85d431lCA,part_105,2026-09-20 16:40:19,2030
Mahindra Tractors - N K Tractors,Commercial Vehicle and Tractor Dealer,Tractor dealer,"Tractor dealer, Farm equipment supplier",384340,Gujarat Circle,Ahmedabad HQ Region,Mahesana Division,"Sudasana SO, Sardarpur BO, Umari BO",+91 8071 639 141,https://dealer.mahindratractor.com/mahindra-tractors/tractor-showroom-in-ahmedabad/tractor-showroom-in-sarkhej/mahindra-tractors-nk-tractors-in-sarkhej-ahmedabad--74498942-db21-48ba-9cc6-a0eaa29345f9/home,4.0,,"Sarkhej Sanand Road, Circle, nearby Sahyog Hospital, Shantipura, Sarkhej-Okaf, Ahmedabad, Gujarat 382210",Shantipura,22.987059499999997,72.4732105,ChIJr5cv9vWaXjkRzAvHlsaCu1w,https://www.google.com/maps/place/?q=place_id:ChIJr5cv9vWaXjkRzAvHlsaCu1w,part_105,2026-09-20 16:40:19,2031
Jay Veer Tractors,Commercial Vehicle and Tractor Dealer,Tractor dealer,Tractor dealer,384345,Gujarat Circle,Ahmedabad HQ Region,Mahesana Division,Sundhia SO,+91 82001 44615,N/A,4.7,,"Matangi farm,near by param thresar ,vadnagar road, dis, Visnagar, Gujarat 384315",384345,23.7358953,72.57614099999999,ChIJbWZSwltRXDkRbVRLk0Qa4ec,https://www.google.com/maps/place/?q=place_id:ChIJbWZSwltRXDkRbVRLk0Qa4ec,part_105,2026-09-20 16:41:17,6756
ASHOK LEYLAND - MORBI - KARAN AUTOLINK,Commercial Vehicle and Tractor Dealer,Truck dealer,Truck dealer,384345,Gujarat Circle,Ahmedabad HQ Region,Mahesana Division,Sundhia SO,+91 95580 56864,N/A,5.0,,"Rajkot - Morbi Highway, Near Ajanta Clock - Village - Virpar, Tal, Tankara, Morbi, Gujarat 363641",384345,22.7548088,70.79657999999999,ChIJuSHQTBjtWTkR2g9k3gZ3Y-k,https://www.google.com/maps/place/?q=place_id:ChIJuSHQTBjtWTkR2g9k3gZ3Y-k,part_105,2026-09-20 16:41:18,6757
VST DEALER .SHREE MAHALAXMI MOTORS,Commercial Vehicle and Tractor Dealer,Tractor dealer,"Tractor dealer, Agricultural service",384345,Gujarat Circle,Ahmedabad HQ Region,Mahesana Division,Sundhia SO,+91 83477 72565,https://www.vsttractors.com/,5.0,,"Gondal Rd, near Gondal Chowkdi, opp. Greenfield Nursery, Amrut Udhyog Nagar, Rajkot, Gujarat 360022",Amrut Udhyog Nagar,22.2348584,70.8010329,ChIJQZBVBbsTLmER-s_k2rnF4Eo,https://www.google.com/maps/place/?q=place_id:ChIJQZBVBbsTLmER-s_k2rnF4Eo,part_105,2026-09-20 16:41:18,6758
Sakthivel Tractors,Commercial Vehicle and Tractor Dealer,Tractor dealer,Tractor dealer,384345,Gujarat Circle,Ahmedabad HQ Region,Mahesana Division,Sundhia SO,N/A,N/A,4.3,,"CGF4+5X8, Sevvathur, Tamil Nadu 635654",384345,12.422906999999999,78.50746319999999,ChIJFcWtTQhRrDsRHCT7W8DsxIg,https://www.google.com/maps/place/?q=place_id:ChIJFcWtTQhRrDsRHCT7W8DsxIg,part_105,2026-09-20 16:41:18,6759
Eicher Tractors Dealerships - Savitri Tractors And Machinery,Commercial Vehicle and Tractor Dealer,Tractor dealer,"Tractor dealer, Auto market, Tractor repair shop",384345,Gujarat Circle,Ahmedabad HQ Region,Mahesana Division,Sundhia SO,+91 79 4716 6834,https://dealers.eichertractors.in/eicher-tractors-savitri-tractors-and-machinery-in-haryana-badhra-charkhi-dadri-88799/Home?utm_source=gmbeicher&utm_medium=googlewebsite,5.0,,"Satnali Rd, Badhra, Haryana 127308",384345,28.5053926,75.9440431,ChIJ1dmFMpXxEjkRmma1mpmQZUc,https://www.google.com/maps/place/?q=place_id:ChIJ1dmFMpXxEjkRmma1mpmQZUc,part_105,2026-09-20 16:41:18,6760
Sabar Motors,Commercial Vehicle and Tractor Dealer,Used truck dealer,Used truck dealer,384345,Gujarat Circle,Ahmedabad HQ Region,Mahesana Division,Sundhia SO,+91 98251 84311,https://www.instagram.com/sabar_motors?igsh=d3BtYzBpaDZoY2lm&utm_source=qr,4.6,,"Near Hotel Ambar besides Supreme Transport, National Highway No 08, Anand, Gujarat 388001",384345,22.584488399999998,72.96355,ChIJiUH4p8VPXjkRyUM6Jjohdgw,https://www.google.com/maps/place/?q=place_id:ChIJiUH4p8VPXjkRyUM6Jjohdgw,part_105,2026-09-20 16:41:18,6761
Farmtrac Tractor Showroom Udaipur (Mahadev Tractors),Commercial Vehicle and Tractor Dealer,Tractor dealer,Tractor dealer,384345,Gujarat Circle,Ahmedabad HQ Region,Mahesana Division,Sundhia SO,+91 97197 04010,https://www.farmtracagri.com/in/en/dealers/mahadev-tractors-udaipur/,5.0,,"Near Paras circle Machla Magra, Ahmedabad, road, Udaipur, Rajasthan 313001","Machhla Magra Colony, Hiran Magri",24.5575247,73.6921639,ChIJMdBSTeXvZzkRvbeX3UUEkb8,https://www.google.com/maps/place/?q=place_id:ChIJMdBSTeXvZzkRvbeX3UUEkb8,part_105,2026-09-20 16:41:18,6762
Shiv Farmtrac Tractor Agency,Commercial Vehicle and Tractor Dealer,Tractor dealer,"Tractor dealer, Travel agency",384345,Gujarat Circle,Ahmedabad HQ Region,Mahesana Division,Sundhia SO,N/A,N/A,4.8,,"Sambhal- Chandausi Rd, near HP Gas Godam, Babrala, Mehua Hasanganj, Uttar Pradesh 243751",384345,28.270733099999998,78.41567599999999,ChIJsaUketczCzkRrB6_Qv-cd-o,https://www.google.com/maps/place/?q=place_id:ChIJsaUketczCzkRrB6_Qv-cd-o,part_105,2026-09-20 16:41:18,6763
Swaraj Tractors - M/S Dashmesh Trading Co,Commercial Vehicle and Tractor Dealer,Tractor dealer,"Tractor dealer, Farm equipment supplier, Tractor repair shop",384345,Gujarat Circle,Ahmedabad HQ Region,Mahesana Division,Sundhia SO,+91 80 3790 8472,https://dealers.swarajtractors.com/swaraj-tractors/tractor-showroom-in-shivpuri/tractor-showroom-in-pichhore/swaraj-tractor-ms-dashmesh-trading-co-in-pichhore-shivpuri--9bccd5e0-a511-4df8-b2e9-6e40ed53f47b/home,4.1,,"Shivpuri Road, beside Hero Showroom, Bachron, Pichhore, Madhya Pradesh 473995",384345,25.197196299999998,78.1797093,ChIJscLiqb9ZdzkREIyQYBxRcxM,https://www.google.com/maps/place/?q=place_id:ChIJscLiqb9ZdzkREIyQYBxRcxM,part_105,2026-09-20 16:41:18,6764
POWERTRAC TRACTOR DEALER,Commercial Vehicle and Tractor Dealer,Tractor dealer,Tractor dealer,384345,Gujarat Circle,Ahmedabad HQ Region,Mahesana Division,Sundhia SO,N/A,N/A,4.5,,"56J5+87P, Shah Colony, Bina, Bina Railway Colony, Madhya Pradesh 470113",Shah Colony,24.1808491,78.20819949999999,ChIJiy4iYdZteTkRyp5dzUTLNuA,https://www.google.com/maps/place/?q=place_id:ChIJiy4iYdZteTkRyp5dzUTLNuA,part_105,2026-09-20 16:41:18,6765
Farmtrac Tractor - NEW ARBUDA TRACTORS,Commercial Vehicle and Tractor Dealer,Auto parts store,Auto parts store,384345,Gujarat Circle,Ahmedabad HQ Region,Mahesana Division,Sundhia SO,+91 99258 21021,N/A,4.3,,"Deesa Highway, Tharad, Vajegadh, Gujarat 385565",384345,24.3821034,71.6395766,ChIJsy9KMRlJWzkR4YhBbD4gces,https://www.google.com/maps/place/?q=place_id:ChIJsy9KMRlJWzkR4YhBbD4gces,part_105,2026-09-20 16:41:18,6766
Tractor Kharido,Commercial Vehicle and Tractor Dealer,Tractor dealer,Tractor dealer,384345,Gujarat Circle,Ahmedabad HQ Region,Mahesana Division,Sundhia SO,+91 82330 08201,https://tractorkharido.com/,4.7,,"Plot No- 254, Rajni Vihar, Ajmer Rd, Heerapura, Jaipur, Rajasthan 302021","Heerapura, Heerawala",26.8905772,75.7301456,ChIJn8puRcu1bTkRiZrHJlJSMhY,https://www.google.com/maps/place/?q=place_id:ChIJn8puRcu1bTkRiZrHJlJSMhY,part_105,2026-09-20 16:41:18,6767
Sehgal Truck Sales,Commercial Vehicle and Tractor Dealer,Truck dealer,Truck dealer,384345,Gujarat Circle,Ahmedabad HQ Region,Mahesana Division,Sundhia SO,+91 94160 52628,N/A,4.9,,"Shop No 18,Shyam Lal Market, 1008RT, Hisar Southern Byp, J.P. Colony, Shyam Colony, Rohtak, Haryana 124001","J.P. Colony, Shyam Colony",28.8981338,76.5615069,ChIJZ5nYg8OFDTkRaZPU3l37D3k,https://www.google.com/maps/place/?q=place_id:ChIJZ5nYg8OFDTkRaZPU3l37D3k,part_105,2026-09-20 16:41:18,6768
Neelkanth Tractors,Commercial Vehicle and Tractor Dealer,Manufacturer,"Manufacturer, Steel distributor, Wholesaler",384345,Gujarat Circle,Ahmedabad HQ Region,Mahesana Division,Sundhia SO,+91 98250 25614,http://www.neelkanthtractors.in/,4.3,,"N. H. No. 08, opp. Yogeshwar Petrolpump, near Dumad Road, Chhani, Vadodara, Gujarat 391740",Chhani,22.3653154,73.1885916,ChIJJczA4TvJXzkRFSWkMvc0VvU,https://www.google.com/maps/place/?q=place_id:ChIJJczA4TvJXzkRFSWkMvc0VvU,part_105,2026-09-20 16:41:18,6769
Mahalakshmi enterprises / TRAKSTAR TRACTOR SHOW ROOM,Commercial Vehicle and Tractor Dealer,Tractor dealer,Tractor dealer,384345,Gujarat Circle,Ahmedabad HQ Region,Mahesana Division,Sundhia SO,N/A,N/A,5.0,,"JWCW+F7H, Garepalle, Nallagunta, Telangana 505503",384345,18.621344699999998,79.94541459999999,ChIJ4d9rMeP9MjoRXJIFV4B6210,https://www.google.com/maps/place/?q=place_id:ChIJ4d9rMeP9MjoRXJIFV4B6210,part_105,2026-09-20 16:41:18,6770
Shree Shyam Tractors - John Deere Authorized Dealer,Commercial Vehicle and Tractor Dealer,Tractor dealer,Tractor dealer,384345,Gujarat Circle,Ahmedabad HQ Region,Mahesana Division,Sundhia SO,+91 79720 92239,N/A,5.0,4.0,"Chikhalgaon, Maharashtra 445304",Chikhalgaon,20.0698108,78.9390679,ChIJjQN_Pq4e0zsRiu88eKibBbU,https://www.google.com/maps/place/?q=place_id:ChIJjQN_Pq4e0zsRiu88eKibBbU,part_105,2026-09-20 16:41:20,6771
Swaraj Tractors - M/S Mahavir Motors,Commercial Vehicle and Tractor Dealer,Tractor dealer,"Tractor dealer, Agricultural service, Farm equipment supplier, Tractor repair shop",384345,Gujarat Circle,Ahmedabad HQ Region,Mahesana Division,Sundhia SO,+91 80 3790 8411,https://dealers.swarajtractors.com/swaraj-tractors/tractor-showroom-in-dantewada/tractor-showroom-in-geedam/swaraj-tractor-ms-mahavir-motors-in-geedam-dantewada--dd69c7d0-6763-4b2e-a7b9-f25798b9d591/home,4.7,19.0,"Dantewada Road, School, opposite Nirmal Niketan, Haram Chowk, Geedam, Chhattisgarh 494441",Haram Chowk,18.9743574,81.38863769999999,ChIJf3WJmV23MToReCssT8iqxoI,https://www.google.com/maps/place/?q=place_id:ChIJf3WJmV23MToReCssT8iqxoI,part_105,2026-09-20 16:41:20,6772
Farmtrac Tractor :-BHARAT UDHYOG,Commercial Vehicle and Tractor Dealer,Tractor dealer,Tractor dealer,384345,Gujarat Circle,Ahmedabad HQ Region,Mahesana Division,Sundhia SO,N/A,https://www.farmtracagri.com/in/hi/dealers/bharat-udyog-bharatpur/,4.3,39.0,"Numayash Road, Tara Mahendra Colony, Bharatpur, Bharatpur Chak 2, Rajasthan 321001",Tara Mahendra Colony,27.217616099999997,77.4814825,ChIJQ-D4JnijczkRbpmITnf-ulQ,https://www.google.com/maps/place/?q=place_id:ChIJQ-D4JnijczkRbpmITnf-ulQ,part_105,2026-09-20 16:41:20,6773
New Holland - Prakash Motors,Commercial Vehicle and Tractor Dealer,Tractor dealer,"Tractor dealer, Agricultural machinery manufacturer, Farm equipment supplier, Tractor repair shop",384345,Gujarat Circle,Ahmedabad HQ Region,Mahesana Division,Sundhia SO,+91 97311 34286,https://dealers.newhollandtractorindia.com/new-holland-prakash-motors-prakash-motors-tractor-dealer-pangra-nizamabad-488252/Home?utm_source=locator&utm_medium=googleplaces,4.9,35.0,"Survey No 363/B, Hyderabad Rd, beside Reliance Petrol Pump, Madhavanagar, Pangra, Nizamabad, Telangana 503230",Madhavanagar,18.655497699999998,78.1270201,ChIJRUgo1g7FzTsRToKtFqvdu-4,https://www.google.com/maps/place/?q=place_id:ChIJRUgo1g7FzTsRToKtFqvdu-4,part_105,2026-09-20 16:41:20,6774
PAHARIA MOTORS & TRACTORS,Commercial Vehicle and Tractor Dealer,Tractor dealer,Tractor dealer,384345,Gujarat Circle,Ahmedabad HQ Region,Mahesana Division,Sundhia SO,+91 98297 76666,http://pahariamotorsandtractors.co.in/,4.5,12.0,"CM67+WC7, बायपास जयपुर, रोड, बिरला सिटी वाटर पार्क के पास, Parbatpura, Ajmer, Rajasthan 305002",Parbatpura,26.412278699999998,74.66353819999999,ChIJz-prp0DhazkRlayhD7w-Oks,https://www.google.com/maps/place/?q=place_id:ChIJz-prp0DhazkRlayhD7w-Oks,part_105,2026-09-20 16:41:20,6775
Farmtrac Tractor - S S AUTOMOBILES,Commercial Vehicle and Tractor Dealer,Tractor dealer,Tractor dealer,384345,Gujarat Circle,Ahmedabad HQ Region,Mahesana Division,Sundhia SO,N/A,N/A,4.7,3.0,"near Civil Court, Keharvali, Dasuya, Khera Kotli, Punjab 144205",Keharvali,31.7986439,75.679171,ChIJjZJj78unGzkReLfTRiJ-3Sw,https://www.google.com/maps/place/?q=place_id:ChIJjZJj78unGzkReLfTRiJ-3Sw,part_105,2026-09-20 16:41:20,6776
Mahindra Tractors - Shree Shivshakti Tractors,Commercial Vehicle and Tractor Dealer,Tractor dealer,Tractor dealer,384355,Gujarat Circle,Ahmedabad HQ Region,Mahesana Division,"Vadnagar SO, Badarpur BO, Bamanva BO",+91 80 3701 6322,https://dealer.mahindratractor.com/mahindra-tractors/tractor-showroom-in-kheralu/tractor-showroom-in-state-highway-56/mahindra-tractors-shree-shivshakti-tractors-in-state-highway-56-kheralu--6143b458-3271-45d6-b0df-816fabcae59f/home,4.2,,"Ground Floor, Rangoli Arcade, No G 10, State Highway 56, nearby Arbuda Medical Stores, Kheralu, Gujarat 384325",384355,23.8950793,72.6200454,ChIJ-3aAPP9VXDkRGnjH0RsWhyM,https://www.google.com/maps/place/?q=place_id:ChIJ-3aAPP9VXDkRGnjH0RsWhyM,part_105,2026-09-20 16:42:20,9865
Tafe Massey Ferguson Tractor in Himatnagar,Commercial Vehicle and Tractor Dealer,Tractor dealer,Tractor dealer,384355,Gujarat Circle,Ahmedabad HQ Region,Mahesana Division,"Vadnagar SO, Badarpur BO, Bamanva BO",+91 98250 70728,https://masseyfergusonindia.com/massey-ferguson/,5.0,,"Idar Bypass Road, opposite MHK Mall, nr. Metro Diesel, Zahirabad, Himatnagar, Savgadh, Gujarat 383002",Zahirabad,23.6066109,72.9433154,ChIJg4E1p625XTkRl57I56tLKoU,https://www.google.com/maps/place/?q=place_id:ChIJg4E1p625XTkRl57I56tLKoU,part_105,2026-09-20 16:42:21,9866
Tata Motors,Commercial Vehicle and Tractor Dealer,Car dealer,Car dealer,384355,Gujarat Circle,Ahmedabad HQ Region,Mahesana Division,"Vadnagar SO, Badarpur BO, Bamanva BO",+91 1800 209 7979,http://www.tatamotors.com/,4.1,,"Mehsana SH-41, Mehsana Rd, Mehsana, Gujarat 384003",Palavasna,23.5721176,72.3694452,ChIJURtnHJlBXDkRsH9-TVURJ0A,https://www.google.com/maps/place/?q=place_id:ChIJURtnHJlBXDkRsH9-TVURJ0A,part_105,2026-09-20 16:42:21,9867
Cargo Motors Private Limited TATA,Commercial Vehicle and Tractor Dealer,Truck dealer,Truck dealer,384355,Gujarat Circle,Ahmedabad HQ Region,Mahesana Division,"Vadnagar SO, Badarpur BO, Bamanva BO",+91 1800 120 1959,http://trucks.cargomotors.com/outlet/tata-showroom-in-mehsana.html,3.4,,"Mehsana SH-41, Mehsana Rd, Mehsana, Gujarat 384002",Shraddhadip Society,23.5966,72.3797,ChIJxTQzw9RDXDkRe8E0KAlwhVA,https://www.google.com/maps/place/?q=place_id:ChIJxTQzw9RDXDkRe8E0KAlwhVA,part_105,2026-09-20 16:42:21,9868
Sonalika - VP Automobiles,Commercial Vehicle and Tractor Dealer,Tractor dealer,"Tractor dealer, Farm equipment supplier",384355,Gujarat Circle,Ahmedabad HQ Region,Mahesana Division,"Vadnagar SO, Badarpur BO, Bamanva BO",+91 94267 80033,https://dealers.sonalika.com/sonalika-vp-automobiles-tractor-dealer-market-yard-road-rajkot-164250/Home,4.7,13.0,"Ground Floor, National Highway 8B, Road, near RTO Office, Marketing Yard, Rajkot, Gujarat 360003",Marketing Yard,22.3054231,70.8313502,ChIJowpBfwC1WTkR6YHOMjt73NE,https://www.google.com/maps/place/?q=place_id:ChIJowpBfwC1WTkR6YHOMjt73NE,part_105,2026-09-20 16:42:22,9869
Sonalika - Adarsh Motors,Commercial Vehicle and Tractor Dealer,Tractor dealer,Tractor dealer,384355,Gujarat Circle,Ahmedabad HQ Region,Mahesana Division,"Vadnagar SO, Badarpur BO, Bamanva BO",+91 1800 102 1011,https://dealers.sonalika.com/,4.2,6.0,"Near Ladbi Nala, Highway, Deesa, Palanpur, Gujarat 385001",384355,24.176104199999997,72.4085917,ChIJcXNrZxTrXDkR669vPISlYQ4,https://www.google.com/maps/place/?q=place_id:ChIJcXNrZxTrXDkR669vPISlYQ4,part_105,2026-09-20 16:42:22,9870
Sonalika - Keshariya Tractors,Commercial Vehicle and Tractor Dealer,Tractor dealer,Tractor dealer,384355,Gujarat Circle,Ahmedabad HQ Region,Mahesana Division,"Vadnagar SO, Badarpur BO, Bamanva BO",+91 97129 57865,https://dealers.sonalika.com/sonalika-keshariya-tractors-tractor-dealer-junagadh-road-jetpur-164212/Home,4.7,11.0,"Kesariya Chamber, Junagadh Rd, Udhyog Nagar, Junagadh, Jetpur, Gujarat 360370","Udhyog Nagar, Junagadh",21.741066,70.6114479,ChIJsRe39NgZWDkRQ5hrXGxbvL4,https://www.google.com/maps/place/?q=place_id:ChIJsRe39NgZWDkRQ5hrXGxbvL4,part_105,2026-09-20 16:42:22,9871
Sonalika - Radhe Shyam Corporation,Commercial Vehicle and Tractor Dealer,Tractor dealer,"Tractor dealer, Farm equipment supplier",384355,Gujarat Circle,Ahmedabad HQ Region,Mahesana Division,"Vadnagar SO, Badarpur BO, Bamanva BO",+91 98797 50498,https://dealers.sonalika.com/sonalika-radhe-shyam-corporation-tractor-dealer-gondal-gondal-164213/Home?utm_source=locator&utm_medium=googleplaces,4.8,4.0,"No 27B, National Highway, near Bapa Sitaram Service Centre, New Sardar Market Yard, Post Officer Colony, Gundala, Gondal, Gujarat 360311","New Sardar Market Yard, Post Officer Colony, Gundala",21.9675391,70.7850374,ChIJBwE9n485WDkRWZmfjfWOhgg,https://www.google.com/maps/place/?q=place_id:ChIJBwE9n485WDkRWZmfjfWOhgg,part_105,2026-09-20 16:42:22,9872
Tata Motors Commercial Vehicle Dealer - Sanghi Brothers Pvt Ltd,Commercial Vehicle and Tractor Dealer,Truck dealer,"Truck dealer, Truck parts supplier, Truck repair shop",384360,Gujarat Circle,Ahmedabad HQ Region,Mahesana Division,"Dharoi DSC SO, Hadol BO, Khodamali BO",+91 93194 86070,https://commercial-vehicles.fleetverse.tatamotors.com/tata-motors-commercial-vehicle-dealer-sanghi-brothers-pvt-ltd-truck-dealers-narayanpur-bhopal-190326/Home?utm_source=locator&utm_medium=googleplaces,4.2,,"Indore Highway, Narayanpur, Lalghati, Bhopal, Madhya Pradesh 462030","Narayanpur, Lalghati",23.2735962,77.3645331,ChIJi0mZnFhnfDkRvPcYpiCiYqY,https://www.google.com/maps/place/?q=place_id:ChIJi0mZnFhnfDkRvPcYpiCiYqY,part_105,2026-09-20 16:43:21,14203
Tata Motors Commercial Vehicle Dealer - Cargo Motors Pvt Ltd,Commercial Vehicle and Tractor Dealer,Truck dealer,"Truck dealer, Truck parts supplier, Truck repair shop",384360,Gujarat Circle,Ahmedabad HQ Region,Mahesana Division,"Dharoi DSC SO, Hadol BO, Khodamali BO",+91 74117 81219,https://commercial-vehicles.fleetverse.tatamotors.com/tata-motors-commercial-vehicle-dealer-cargo-motors-pvt-ltd-truck-dealers-budhpur-new-delhi-190404/Home?utm_source=locator&utm_medium=googleplaces,4.6,,"Plot No 219/220, GT Karnal Rd, Budhpur, New Delhi, Delhi, 110082",Budhpur,28.781068899999998,77.14086089999999,ChIJ7dy7McoBDTkR7JdaU4JPkeY,https://www.google.com/maps/place/?q=place_id:ChIJ7dy7McoBDTkR7JdaU4JPkeY,part_105,2026-09-20 16:43:21,14204
Metro Motors Pvt. Ltd. - Panipat,Commercial Vehicle and Tractor Dealer,Truck dealer,Truck dealer,384360,Gujarat Circle,Ahmedabad HQ Region,Mahesana Division,"Dharoi DSC SO, Hadol BO, Khodamali BO",+91 81969 56226,http://www.metromotors.co.in/,4.8,,"85 Milestone, Grand Trunk Rd, near BBMB Power House, Sewah, Panipat, Haryana 132108","Sector 29, Sewah",29.3431413,76.9834911,ChIJaZhM7brbDTkRzYPzy86auOU,https://www.google.com/maps/place/?q=place_id:ChIJaZhM7brbDTkRzYPzy86auOU,part_105,2026-09-20 16:43:21,14205
Tata Motors Commercial Vehicle Dealer - Bhandari Automobiles Pvt Ltd,Commercial Vehicle and Tractor Dealer,Truck dealer,"Truck dealer, Motor vehicle dealer, Truck parts supplier, Truck repair shop",384360,Gujarat Circle,Ahmedabad HQ Region,Mahesana Division,"Dharoi DSC SO, Hadol BO, Khodamali BO",+91 74117 81362,https://commercial-vehicles.fleetverse.tatamotors.com/tata-motors-commercial-vehicle-dealer-bhandari-automobiles-pvt-ltd-truck-dealers-sarat-bose-road-kolkata-189748/Home?utm_source=locator&utm_medium=googleplaces,4.1,,"5th Floor, Leela Roy Sarani, No 53A, No 207, Sarat Bose Rd, Kolkata, West Bengal 700026","Jatin Das Park, Patuapara, Bhowanipore",22.525939899999997,88.3452933,ChIJpSNnYM1wAjoRg8nASI9-_MQ,https://www.google.com/maps/place/?q=place_id:ChIJpSNnYM1wAjoRg8nASI9-_MQ,part_105,2026-09-20 16:43:21,14206
"Tata Motors Commercial (Prem Motors India LLP, Bhopal)",Commercial Vehicle and Tractor Dealer,Truck dealer,Truck dealer,384360,Gujarat Circle,Ahmedabad HQ Region,Mahesana Division,"Dharoi DSC SO, Hadol BO, Khodamali BO",+91 91091 87536,https://www.premmotors.co.in/,4.6,,"11th Mile, Tri Section, Narmadapuram Rd, Indus Towne, Ratanpur Sadak, Bhopal, Madhya Pradesh 462047","Indus Towne, Ratanpur Sadak",23.1439903,77.48189649999999,ChIJcxgF_Q9HfDkRHZlyoY1NfeA,https://www.google.com/maps/place/?q=place_id:ChIJcxgF_Q9HfDkRHZlyoY1NfeA,part_105,2026-09-20 16:43:21,14207
Tata Motors Commercial Vehicle Dealer - Chavan Auto Wheels Pvt Ltd,Commercial Vehicle and Tractor Dealer,Truck dealer,"Truck dealer, Truck parts supplier, Truck repair shop",384360,Gujarat Circle,Ahmedabad HQ Region,Mahesana Division,"Dharoi DSC SO, Hadol BO, Khodamali BO",+91 93194 85515,https://commercial-vehicles.fleetverse.tatamotors.com/tata-motors-commercial-vehicle-dealer-chavan-auto-wheels-pvt-ltd-truck-dealers-kumbhari-solapur-190292/Home?utm_source=locator&utm_medium=googleplaces,4.5,,"No 1147 Solapur South, Akkalkot Rd, Telngi pachha peth, Kumbhari, Solapur, Maharashtra 413006",Telngi pachha peth,17.6631484,75.9595753,ChIJH8LT9LnbxTsRc7vw7IVKRJU,https://www.google.com/maps/place/?q=place_id:ChIJH8LT9LnbxTsRc7vw7IVKRJU,part_105,2026-09-20 16:43:21,14208
Tata Motors Commercial Vehicle Dealer - Jaika Automobiles & Finance Pvt Ltd,Commercial Vehicle and Tractor Dealer,Truck dealer,"Truck dealer, Truck parts supplier, Truck repair shop",384360,Gujarat Circle,Ahmedabad HQ Region,Mahesana Division,"Dharoi DSC SO, Hadol BO, Khodamali BO",+91 74117 81238,https://commercial-vehicles.fleetverse.tatamotors.com/tata-motors-commercial-vehicle-dealer-jaika-automobiles-finance-pvt-ltd-truck-dealers-ring-road-no-1-raipur-190331/Home?utm_source=locator&utm_medium=googleplaces,3.9,,"Ground Floor, Ring Road No. 1, Amanaka, Raipur, Chhattisgarh 492013",Amanaka,21.237706199999998,81.584591,ChIJ4VMvVWreKDoRNjaW85ujaNc,https://www.google.com/maps/place/?q=place_id:ChIJ4VMvVWreKDoRNjaW85ujaNc,part_105,2026-09-20 16:43:21,14209
Tata Motors Commercial Vehicle Dealer - Jitendra Automobiles,Commercial Vehicle and Tractor Dealer,Truck dealer,"Truck dealer, Truck parts supplier, Truck repair shop",384360,Gujarat Circle,Ahmedabad HQ Region,Mahesana Division,"Dharoi DSC SO, Hadol BO, Khodamali BO",+91 74117 81386,https://commercial-vehicles.fleetverse.tatamotors.com/tata-motors-commercial-vehicle-dealer-jitendra-automobiles-truck-dealers-kangashiyali-rajkot-190433/Home?utm_source=locator&utm_medium=googleplaces,4.5,,"8/B Gondal Road, Kangsiyali Rd, opposite Kishan Petrol Pump, Rajkot, Gujarat 360022",384360,22.208452599999998,70.8007228,ChIJc7-wg1I1WDkRiC1BacteLYE,https://www.google.com/maps/place/?q=place_id:ChIJc7-wg1I1WDkRiC1BacteLYE,part_105,2026-09-20 16:43:21,14210
Shree AKC Motors World LLP,Commercial Vehicle and Tractor Dealer,Truck dealer,Truck dealer,384360,Gujarat Circle,Ahmedabad HQ Region,Mahesana Division,"Dharoi DSC SO, Hadol BO, Khodamali BO",+91 92356 32643,N/A,4.4,,"Rampur Rd, near Fire Station, Parsakhera Industrial Area, Bareilly, Parsakhera, Uttar Pradesh 243502",Parsakhera Industrial Area,28.425405599999998,79.35539059999999,ChIJf5Jk0bAHoDkRB7aeexxwhrE,https://www.google.com/maps/place/?q=place_id:ChIJf5Jk0bAHoDkRB7aeexxwhrE,part_105,2026-09-20 16:43:21,14211
Mahindra Siddhivinayak Motors Pvt Ltd - Commercial Vehicle Showroom,Commercial Vehicle and Tractor Dealer,Car dealer,Car dealer,384360,Gujarat Circle,Ahmedabad HQ Region,Mahesana Division,"Dharoi DSC SO, Hadol BO, Khodamali BO",+91 96198 36637,https://dealers-auto.mahindra.com/mahindra-siddhivinayak-motors-pvt-ltd-commercial-vehicle-showroom-siddhivinayak-motors-pvt-ltd-car-dealer-rajkot-bypass-road-rajkot-473608/Home?utm_source=locator&utm_medium=googleplaces,4.8,,"Manohar Society Street No.1, Greenland Chowkdi, opp. RTO, near CNG Petrol Pump, Rajkot, Gujarat 360003","Shakti Society, Arya Nagar",22.3056505,70.8305946,ChIJMTGx7-G1WTkR0nviak4OENw,https://www.google.com/maps/place/?q=place_id:ChIJMTGx7-G1WTkR0nviak4OENw,part_105,2026-09-20 16:43:21,14212
Popular Mega Motors India Pvt Ltd,Commercial Vehicle and Tractor Dealer,Truck dealer,Truck dealer,384360,Gujarat Circle,Ahmedabad HQ Region,Mahesana Division,"Dharoi DSC SO, Hadol BO, Khodamali BO",N/A,N/A,5.0,,"nr, University Road, opp. LFEI, Signal, Kalamassery, Kochi, Keralam 683104","Signal, Kalamassery",10.049877799999999,76.3189417,ChIJq6r75zoMCDsRqg8b8hTb04E,https://www.google.com/maps/place/?q=place_id:ChIJq6r75zoMCDsRqg8b8hTb04E,part_105,2026-09-20 16:43:21,14213
Tata Commercial Vehicles - Mangalam Motors,Commercial Vehicle and Tractor Dealer,Truck dealer,Truck dealer,384360,Gujarat Circle,Ahmedabad HQ Region,Mahesana Division,"Dharoi DSC SO, Hadol BO, Khodamali BO",+91 77142 33333,N/A,3.8,,"Great Eastern Rd, near TATIBANDH, Transport Nagar, Tatibandh, Raipur, Chandanidih, Chhattisgarh 492099","Transport Nagar, Tatibandh",21.2578836,81.5608039,ChIJ5Z80XSveKDoRI0rLSG29k5U,https://www.google.com/maps/place/?q=place_id:ChIJ5Z80XSveKDoRI0rLSG29k5U,part_105,2026-09-20 16:43:21,14214
Tata Motors -Popular Mega Motors Calicut,Commercial Vehicle and Tractor Dealer,Truck dealer,"Truck dealer, Truck parts supplier, Truck repair shop",384360,Gujarat Circle,Ahmedabad HQ Region,Mahesana Division,"Dharoi DSC SO, Hadol BO, Khodamali BO",+91 79092 62000,https://populartata.com/,4.5,,"No 426/1A1, 425/3, NH 47, Feroke Chungam - Chulliparamba Road, Ramanattukara, Kozhikode, Keralam 673631",384360,11.181339,75.8499745,ChIJBZ8pqoFQpjsRQpvF8J89aqg,https://www.google.com/maps/place/?q=place_id:ChIJBZ8pqoFQpjsRQpvF8J89aqg,part_105,2026-09-20 16:43:21,14215
Ashok Leyland Limited ( TVS & Sons ),Commercial Vehicle and Tractor Dealer,Motor vehicle dealer,"Motor vehicle dealer, Bus company",384360,Gujarat Circle,Ahmedabad HQ Region,Mahesana Division,"Dharoi DSC SO, Hadol BO, Khodamali BO",N/A,N/A,3.7,,"NH 47, By Pass Road, Ollukkara Mannuthy, Thrissur, Kerala 680651",Krishnapuram Village,10.525141,76.258112,ChIJSex0HpLvpzsR0LoxpyuaLbk,https://www.google.com/maps/place/?q=place_id:ChIJSex0HpLvpzsR0LoxpyuaLbk,part_105,2026-09-20 16:43:21,14216
Mahindra Maya Automobiles,Commercial Vehicle and Tractor Dealer,Car dealer,Car dealer,384360,Gujarat Circle,Ahmedabad HQ Region,Mahesana Division,"Dharoi DSC SO, Hadol BO, Khodamali BO",+91 91673 87346,https://dealers-auto.mahindra.com/mahindra-maya-automobiles-commercial-vehicle-showroom-maya-automobiles-car-dealer-mogra-hooghly-471823/Home?utm_source=locator&utm_medium=googleplaces,4.7,,"Gt Road , North, Hospital More, Mogra, Hooghly, West Bengal, Magra, West Bengal 712148","Natungram, Mogra",22.9955616,88.3691406,ChIJe4neC9Ps-DkR1zJfOjAA-hc,https://www.google.com/maps/place/?q=place_id:ChIJe4neC9Ps-DkR1zJfOjAA-hc,part_105,2026-09-20 16:43:21,14217
MLC AUTOMOTIVES FORCE,Commercial Vehicle and Tractor Dealer,Car dealer,"Car dealer, Corporate office",384360,Gujarat Circle,Ahmedabad HQ Region,Mahesana Division,"Dharoi DSC SO, Hadol BO, Khodamali BO",+91 90390 42080,https://www.forcemotors.com/,3.7,,"Mumbai - Kolkata Hwy, Shatabdi Nagar, Telibandha, Raipur, Chhattisgarh 492001","Shatabdi Nagar, Telibandha",21.238844,81.68275,ChIJEQO7bdfdKDoRxdyCGRuZFOA,https://www.google.com/maps/place/?q=place_id:ChIJEQO7bdfdKDoRxdyCGRuZFOA,part_105,2026-09-20 16:43:21,14218
Bhagwat Associates - Ashok Leyland,Commercial Vehicle and Tractor Dealer,DS Automobiles dealer,"DS Automobiles dealer, Auto parts store, Motor vehicle dealer",384360,Gujarat Circle,Ahmedabad HQ Region,Mahesana Division,"Dharoi DSC SO, Hadol BO, Khodamali BO",+91 73856 63333,https://bhagwatassociates.com/,4.2,,"Gat No. 30/1, Police Chowky, Pune - Solapur Rd, near Bale, Bale, Vasant Vihar, Solapur, Maharashtra 413255","Bale, Vasant Vihar",17.6943457,75.87988779999999,ChIJJVPWtWvQxTsRPi4GpvA8CN4,https://www.google.com/maps/place/?q=place_id:ChIJJVPWtWvQxTsRPi4GpvA8CN4,part_105,2026-09-20 16:43:21,14219
Patel Motors (Indore) Pvt. Ltd.,Commercial Vehicle and Tractor Dealer,Truck dealer,Truck dealer,384360,Gujarat Circle,Ahmedabad HQ Region,Mahesana Division,"Dharoi DSC SO, Hadol BO, Khodamali BO",+91 731 668 9921,http://www.patelmotors.com/,4.1,,"SURVEY NO 13, 19, Ring Rd, Chouraha, TT Nagar, Pipliya Kumar, Indore, Madhya Pradesh 452010","Chouraha, TT Nagar, Pipliya Kumar",22.771126199999998,75.9100198,ChIJ57qe60gdYzkRGm41vCOk9xk,https://www.google.com/maps/place/?q=place_id:ChIJ57qe60gdYzkRGm41vCOk9xk,part_105,2026-09-20 16:43:22,14220
Rashmi Motors,Commercial Vehicle and Tractor Dealer,Truck dealer,"Truck dealer, Truck repair shop",384360,Gujarat Circle,Ahmedabad HQ Region,Mahesana Division,"Dharoi DSC SO, Hadol BO, Khodamali BO",+91 80930 94440,http://rashmimotors.in/aboutus.html,4.2,,"NH16, Manguli Chowk, Odisha 754025",Manguli Chowk,20.5201338,85.93329279999999,ChIJvzjxYSptGToRQNRkqyumbBY,https://www.google.com/maps/place/?q=place_id:ChIJvzjxYSptGToRQNRkqyumbBY,part_105,2026-09-20 16:43:22,14221
Escorts powertrac,Commercial Vehicle and Tractor Dealer,Tractor dealer,Tractor dealer,384360,Gujarat Circle,Ahmedabad HQ Region,Mahesana Division,"Dharoi DSC SO, Hadol BO, Khodamali BO",+91 97005 30577,N/A,4.5,,"Q7PM+QVF, Armur, Telangana 503224",384360,18.7869372,78.2846579,ChIJfxpbDtHBzTsRfEvcf4ZpXWk,https://www.google.com/maps/place/?q=place_id:ChIJfxpbDtHBzTsRfEvcf4ZpXWk,part_105,2026-09-20 16:43:22,14222
STANDARD TRACTORS,Commercial Vehicle and Tractor Dealer,Tractor dealer,Tractor dealer,384360,Gujarat Circle,Ahmedabad HQ Region,Mahesana Division,"Dharoi DSC SO, Hadol BO, Khodamali BO",N/A,https://youtube.com/channel/UCHRBZIoAaDcIRbsb2bO-suQ,5.0,,"Unnamed Road, Kachraut, Uttar Pradesh 203403",384360,28.5697774,78.1035878,ChIJ-bdiwzNnCzkR-ayot15etJw,https://www.google.com/maps/place/?q=place_id:ChIJ-bdiwzNnCzkR-ayot15etJw,part_105,2026-09-20 16:43:22,14223
Shri Shyam Tractor Farmtrac,Commercial Vehicle and Tractor Dealer,Tractor dealer,Tractor dealer,384360,Gujarat Circle,Ahmedabad HQ Region,Mahesana Division,"Dharoi DSC SO, Hadol BO, Khodamali BO",+91 97130 60690,N/A,4.8,10.0,"Shivpuri - Jhansi Rd, Karera, Madhya Pradesh 473660",384360,25.455762399999998,78.1519995,ChIJEaIeKQBFdzkRGJQRBh3aEbE,https://www.google.com/maps/place/?q=place_id:ChIJEaIeKQBFdzkRGJQRBh3aEbE,part_105,2026-09-20 16:43:23,14224
Parekh Tractors,Commercial Vehicle and Tractor Dealer,Farm equipment supplier,Farm equipment supplier,384360,Gujarat Circle,Ahmedabad HQ Region,Mahesana Division,"Dharoi DSC SO, Hadol BO, Khodamali BO",+91 33 2236 0329,N/A,4.5,11.0,"Shop No. 2, Opposite Orient Cinema - Beside Commerce House, Princep St, Esplanade, Chowringhee North, Bow Barracks, Kolkata, West Bengal 700013","Mission Row Extension, Esplanade, Chowringhee North, Bow Barracks",22.568760299999997,88.353419,ChIJrTF41qh3AjoRTmIc8qK00SU,https://www.google.com/maps/place/?q=place_id:ChIJrTF41qh3AjoRTmIc8qK00SU,part_105,2026-09-20 16:43:23,14225
Tata Motors Commercial Vehicle Dealer - Libra Automobiles Ltd,Commercial Vehicle and Tractor Dealer,Truck dealer,"Truck dealer, Truck parts supplier, Truck repair shop",384360,Gujarat Circle,Ahmedabad HQ Region,Mahesana Division,"Dharoi DSC SO, Hadol BO, Khodamali BO",+91 74117 81258,https://commercial-vehicles.fleetverse.tatamotors.com/tata-motors-commercial-vehicle-dealer-libra-automobiles-ltd-truck-dealers-beer-kauli-patiala-190574/Home?utm_source=locator&utm_medium=googleplaces,4.8,529.0,"Rajpura Rd, Bir Kauli, Patiala, Punjab 140701",384360,30.4158533,76.52342569999999,ChIJN04Z2GLZDzkR3aZX8LLlEXY,https://www.google.com/maps/place/?q=place_id:ChIJN04Z2GLZDzkR3aZX8LLlEXY,part_105,2026-09-20 16:43:23,14226
Yashodha Motors Private Limited Ashok Leyland,Commercial Vehicle and Tractor Dealer,Truck dealer,Truck dealer,384360,Gujarat Circle,Ahmedabad HQ Region,Mahesana Division,"Dharoi DSC SO, Hadol BO, Khodamali BO",+91 92170 13080,N/A,4.2,149.0,"National Highway 64, Patiala, Punjab 147021",384360,30.386134,76.4932001,ChIJ7an-NzDYDzkRG_wSD3bPQkU,https://www.google.com/maps/place/?q=place_id:ChIJ7an-NzDYDzkRG_wSD3bPQkU,part_105,2026-09-20 16:43:23,14227
Tractor service available,Commercial Vehicle and Tractor Dealer,Tractor dealer,Tractor dealer,384360,Gujarat Circle,Ahmedabad HQ Region,Mahesana Division,"Dharoi DSC SO, Hadol BO, Khodamali BO",N/A,N/A,3.7,3.0,"82W2+8JR, Garat Pur Bas, Haryana 122101",384360,28.345868099999997,77.0015121,ChIJtYhIDC49DTkRQhm4ukvanZk,https://www.google.com/maps/place/?q=place_id:ChIJtYhIDC49DTkRQhm4ukvanZk,part_105,2026-09-20 16:43:23,14228
Kavee Enterprise,Commercial Vehicle and Tractor Dealer,Tractor dealer,Tractor dealer,384360,Gujarat Circle,Ahmedabad HQ Region,Mahesana Division,"Dharoi DSC SO, Hadol BO, Khodamali BO",+91 7397 715 915,https://www.indiamart.com/kave-enterprise/,4.4,,"Kalapatti-Kurumbapalayam Rd, Vasanth Nagar, Coimbatore, Tamil Nadu 641048",Vasanth Nagar,11.0797636,77.0368348,ChIJZdj_pGv4qDsRFDl2JRE8d90,https://www.google.com/maps/place/?q=place_id:ChIJZdj_pGv4qDsRFDl2JRE8d90,part_105,2026-09-20 16:43:24,14229
John Deere Village,Commercial Vehicle and Tractor Dealer,Tractor dealer,Tractor dealer,384360,Gujarat Circle,Ahmedabad HQ Region,Mahesana Division,"Dharoi DSC SO, Hadol BO, Khodamali BO",+91 81297 90790,http://www.manasgroupindia.in/%20%20%20%20%20%20https://manastractors.com/,4.8,,"JohnDeere Village, Chithalipalam, Chithali, Post, Kuzhalmannam-I, Kerala 678702",384360,10.6945493,76.5782498,ChIJzceaJCVzqDsRY9L0snnkuw4,https://www.google.com/maps/place/?q=place_id:ChIJzceaJCVzqDsRY9L0snnkuw4,part_105,2026-09-20 16:43:24,14230
Jaisakthi agencies,Commercial Vehicle and Tractor Dealer,Tractor dealer,Tractor dealer,384360,Gujarat Circle,Ahmedabad HQ Region,Mahesana Division,"Dharoi DSC SO, Hadol BO, Khodamali BO",+91 99655 15066,N/A,3.4,,"Indra Nagar, Pollachi, Tamil Nadu 642002",Indra Nagar,10.6672873,77.0177379,ChIJMyWCkoM3qDsRGSl5VcZbVeA,https://www.google.com/maps/place/?q=place_id:ChIJMyWCkoM3qDsRGSl5VcZbVeA,part_105,2026-09-20 16:43:24,14231
Annapoorneshwari Tractors,Commercial Vehicle and Tractor Dealer,Tractor dealer,"Tractor dealer, Home goods store",384360,Gujarat Circle,Ahmedabad HQ Region,Mahesana Division,"Dharoi DSC SO, Hadol BO, Khodamali BO",+91 99647 08272,N/A,4.4,,"82/6, BM Rd, Manjunatha Badavane, Hunsur, Karnataka 571105",Manjunatha Badavane,12.3072055,76.3052752,ChIJz-EA_daFpTsRwpp2z8k_Q6g,https://www.google.com/maps/place/?q=place_id:ChIJz-EA_daFpTsRwpp2z8k_Q6g,part_105,2026-09-20 16:43:24,14232
Vinayaka tractors John deere,Commercial Vehicle and Tractor Dealer,Tractor dealer,Tractor dealer,384360,Gujarat Circle,Ahmedabad HQ Region,Mahesana Division,"Dharoi DSC SO, Hadol BO, Khodamali BO",N/A,https://www.deere.co.in/en/index.html,4.4,,"99-B, 99-B, Visveshwara Nagar, Vidyaranyapura, Mysuru, Karnataka 570008","Visveshwara Nagar, Vidyaranyapura",12.277816,76.645532,ChIJUeDQEPdvrzsR37tHwmpfJJ0,https://www.google.com/maps/place/?q=place_id:ChIJUeDQEPdvrzsR37tHwmpfJJ0,part_105,2026-09-20 16:43:24,14233
Swaraj Tractors - M/S Sivan Tractors,Commercial Vehicle and Tractor Dealer,Tractor dealer,Tractor dealer,384360,Gujarat Circle,Ahmedabad HQ Region,Mahesana Division,"Dharoi DSC SO, Hadol BO, Khodamali BO",+91 8071 820 633,https://dealers.swarajtractors.com/swaraj-tractors/tractor-showroom-in-pollachi/tractor-showroom-in-Makkinampatti/swaraj-tractors-ms-sivan-tractors-in-Makkinampatti-pollachi--3YEDDC/home,4.2,,"Perumal Maligai, Pollachi - Udumalpet Rd, nearby Gowri Krishna Hotel, Annamalai Nagar, Makkinampatti, Pollachi, Tamil Nadu 642003",Annamalai Nagar,10.6557596,77.0285645,ChIJ17PXrtE3qDsR-elbHVGmya4,https://www.google.com/maps/place/?q=place_id:ChIJ17PXrtE3qDsR-elbHVGmya4,part_105,2026-09-20 16:43:24,14234
Pavansut sales agency mehsana,Commercial Vehicle and Tractor Dealer,Corporate office,Corporate office,384410,Gujarat Circle,Ahmedabad HQ Region,Mahesana Division,"Balol SO, Nadasa BO, Palaj BO",N/A,N/A,,,"S-28 Swaget Enclave, Modhera Rd, opp. :, Dediyasan GIDC, Brahmani Nagar, Mehsana, Gujarat 384002","Dediyasan GIDC, Brahmani Nagar",23.59338,72.3519328,ChIJve-qmhpDXDkR6EbzgIqCDyo,https://www.google.com/maps/place/?q=place_id:ChIJve-qmhpDXDkR6EbzgIqCDyo,part_105,2026-09-20 16:44:22,18463
Umiya tractors,Commercial Vehicle and Tractor Dealer,Farm equipment supplier,Farm equipment supplier,384410,Gujarat Circle,Ahmedabad HQ Region,Mahesana Division,"Balol SO, Nadasa BO, Palaj BO",+91 99749 36394,N/A,4.5,,"N h 8, Chiloda, Gujarat 382355",384410,23.238161899999998,72.73617709999999,ChIJWxgh90nVXTkROlGhmwiJlVY,https://www.google.com/maps/place/?q=place_id:ChIJWxgh90nVXTkROlGhmwiJlVY,part_105,2026-09-20 16:44:22,18464
MAHINDRA TRACTOR AGENCY,Commercial Vehicle and Tractor Dealer,Tractor dealer,Tractor dealer,384410,Gujarat Circle,Ahmedabad HQ Region,Mahesana Division,"Balol SO, Nadasa BO, Palaj BO",+91 98173 13306,N/A,3.5,,"VW66+VJ8, MDR125, Tosham Rural, Haryana 127040",384410,28.8621426,75.9111453,ChIJfVkJ0PxFEjkRtaQ12tTE_Sg,https://www.google.com/maps/place/?q=place_id:ChIJfVkJ0PxFEjkRtaQ12tTE_Sg,part_105,2026-09-20 16:44:22,18465
B N AUTO SERVICES - Kubota Tractor Dealers,Commercial Vehicle and Tractor Dealer,Tractor dealer,"Tractor dealer, Agricultural service",384412,Gujarat Circle,Ahmedabad HQ Region,Mahesana Division,"Modhera SO, Gambhu BO, Kanoda BO",+91 94484 12420,http://bngroup.in/,4.2,70.0,"922, Kanthraja, New Kantharaj Urs Rd, opp. Yamaha Showroom, Lakshmipuram, Mysuru, Karnataka 570004",Lakshmipuram,12.2945012,76.6464311,ChIJaV6ufAFwrzsRX31-dm9S-X4,https://www.google.com/maps/place/?q=place_id:ChIJaV6ufAFwrzsRX31-dm9S-X4,part_105,2026-09-20 16:45:19,20361
Tata Motors Commercial Vehicle Dealer - Chetan Motors,Commercial Vehicle and Tractor Dealer,Truck dealer,"Truck dealer, School bus service, Tata Motors dealer, Truck parts supplier, Truck repair shop",384412,Gujarat Circle,Ahmedabad HQ Region,Mahesana Division,"Modhera SO, Gambhu BO, Kanoda BO",+91 93194 85524,https://commercial-vehicles.fleetverse.tatamotors.com/tata-motors-commercial-vehicle-dealer-chetan-motors-truck-dealers-hupari-road-kolhapur-190291/Home?utm_source=locator&utm_medium=googleplaces,4.4,993.0,"RS, No 308/2B, Kolhapur-Hupari Rd, Karvir, Uchgaon, Kolhapur, Uchgaon, Maharashtra 416119","Karvir, Uchgaon",16.6878577,74.2899132,ChIJv_aKd-YBwTsRTOjPQX6sEws,https://www.google.com/maps/place/?q=place_id:ChIJv_aKd-YBwTsRTOjPQX6sEws,part_105,2026-09-20 16:45:19,20362
Swaraj Tractors - M/S Hari Traders,Commercial Vehicle and Tractor Dealer,Tractor dealer,"Tractor dealer, Farm equipment supplier, Tractor repair shop",384412,Gujarat Circle,Ahmedabad HQ Region,Mahesana Division,"Modhera SO, Gambhu BO, Kanoda BO",+91 8071 325 873,https://dealers.swarajtractors.com/swaraj-tractors/tractor-showroom-in-sambhal/tractor-showroom-in-guunor/swaraj-tractors-ms-hari-traders-in-guunor-sambhal--857df38e-0960-4357-b8bd-a656cb787f06/home,4.8,19.0,"Guunor, Chandausi Road, opposite Bajaj Finserv, Mehua Hasanganj, Uttar Pradesh 243751",384412,28.2661852,78.4108531,ChIJlQhS1T0zCzkRECUZ04JNvuI,https://www.google.com/maps/place/?q=place_id:ChIJlQhS1T0zCzkRECUZ04JNvuI,part_105,2026-09-20 16:45:20,20363
ishwar singh,Commercial Vehicle and Tractor Dealer,Tractor dealer,Tractor dealer,384412,Gujarat Circle,Ahmedabad HQ Region,Mahesana Division,"Modhera SO, Gambhu BO, Kanoda BO",+91 98960 74500,N/A,5.0,,"Kaithal - Ambala Rd, Kaithal, Haryana 136027",384412,29.826267599999998,76.47311789999999,ChIJeYyHKtEfDjkRJ0fuaoo7Fcw,https://www.google.com/maps/place/?q=place_id:ChIJeYyHKtEfDjkRJ0fuaoo7Fcw,part_105,2026-09-20 16:45:21,20364
Kisan Corporation,Commercial Vehicle and Tractor Dealer,Tractor dealer,"Tractor dealer, Agricultural Engineer, Farm equipment supplier",384412,Gujarat Circle,Ahmedabad HQ Region,Mahesana Division,"Modhera SO, Gambhu BO, Kanoda BO",+91 70282 89999,https://www.forcemotors.com/,4.2,,"cottage corner, 253/5 Nagar Manmad Road Near Nagapur Bridge, Savedi, Ahilyanagar, Maharashtra 414003",Savedi,19.1387713,74.71938279999999,ChIJOyxsBkO63DsRziGuEN9W6bs,https://www.google.com/maps/place/?q=place_id:ChIJOyxsBkO63DsRziGuEN9W6bs,part_105,2026-09-20 16:45:22,20365
Dandwate Tractors,Commercial Vehicle and Tractor Dealer,Tractor dealer,Tractor dealer,384412,Gujarat Circle,Ahmedabad HQ Region,Mahesana Division,"Modhera SO, Gambhu BO, Kanoda BO",+91 91300 28299,https://tocard.in/dandwate-tractors,4.7,,"Nagar, Manmad Rd, near RAHATA COURT, Rahata, Pimplas, Maharashtra 423107",384412,19.6968847,74.48349329999999,ChIJVXzu-eNZ3DsRINuunJM8QIA,https://www.google.com/maps/place/?q=place_id:ChIJVXzu-eNZ3DsRINuunJM8QIA,part_105,2026-09-20 16:45:22,20366
Mahindra Tractor - Prayog Venture Pvt Ltd,Commercial Vehicle and Tractor Dealer,Tractor dealer,Tractor dealer,384412,Gujarat Circle,Ahmedabad HQ Region,Mahesana Division,"Modhera SO, Gambhu BO, Kanoda BO",+91 70034 17900,N/A,2.3,,"plot no -889, near water treatment plant, Palasuni, Rasulgarh, Bhubaneswar, Odisha 751010","Palasuni, Rasulgarh",20.3039295,85.8661765,ChIJHXTKqBUKGToRr1ygAfcmIxA,https://www.google.com/maps/place/?q=place_id:ChIJHXTKqBUKGToRr1ygAfcmIxA,part_105,2026-09-20 16:45:22,20367
Mahindra Tractor - Odisha Motors,Commercial Vehicle and Tractor Dealer,Tractor dealer,Tractor dealer,384412,Gujarat Circle,Ahmedabad HQ Region,Mahesana Division,"Modhera SO, Gambhu BO, Kanoda BO",+91 88952 67889,https://www.mahindratractor.com/,3.3,,"Shop No 3219/11424, NH 203, Cuttack - Puri Bypass Rd, Palasuni, Rasulgarh, Bhubaneswar, Odisha 751025","Palasuni, Rasulgarh",20.306202199999998,85.8727957,ChIJXTM9O88LGToRizTuHFKiit8,https://www.google.com/maps/place/?q=place_id:ChIJXTM9O88LGToRizTuHFKiit8,part_105,2026-09-20 16:45:22,20368
Tata Motors Commercial Vehicle Dealer - Laxmi Sales & Services Pvt Ltd,Commercial Vehicle and Tractor Dealer,Truck dealer,"Truck dealer, Truck parts supplier, Truck repair shop",384412,Gujarat Circle,Ahmedabad HQ Region,Mahesana Division,"Modhera SO, Gambhu BO, Kanoda BO",+91 74117 81153,https://commercial-vehicles.fleetverse.tatamotors.com/tata-motors-commercial-vehicle-dealer-laxmi-sales-services-pvt-ltd-truck-dealers-nh-6-bargarh-190376/Home?utm_source=locator&utm_medium=googleplaces,4.1,,"Khata No 2542/528 Plot No 19113457, NH 6, near Toll Gate, Bargarh, Odisha 768040",384412,21.3483078,83.6619448,ChIJeQV5c2i1JjoRUThzsbtw258,https://www.google.com/maps/place/?q=place_id:ChIJeQV5c2i1JjoRUThzsbtw258,part_105,2026-09-20 16:45:22,20369
Kamthe Automotive,Commercial Vehicle and Tractor Dealer,Farm equipment supplier,"Farm equipment supplier, Agricultural machinery manufacturer, Hydraulic repair service",384412,Gujarat Circle,Ahmedabad HQ Region,Mahesana Division,"Modhera SO, Gambhu BO, Kanoda BO",+91 88059 80980,http://www.kamtheautomotive.in/,4.4,,"S. No, 16, Katraj Ghat Rd, Bhilarewadi, Pune, Maharashtra 411046",Bhilarewadi,18.422424,73.8599306,ChIJo71yijvrwjsRvZ4ehV7vNTQ,https://www.google.com/maps/place/?q=place_id:ChIJo71yijvrwjsRvZ4ehV7vNTQ,part_105,2026-09-20 16:45:22,20370
Sonalika - Sai Sonalika Tractors,Commercial Vehicle and Tractor Dealer,Tractor dealer,"Tractor dealer, Farm equipment supplier",384412,Gujarat Circle,Ahmedabad HQ Region,Mahesana Division,"Modhera SO, Gambhu BO, Kanoda BO",+91 94222 20438,https://dealers.sonalika.com/sonalika-sai-sonalika-tractors-tractor-dealer-savedi-ahmednagar-168515/Home?utm_source=locator&utm_medium=googleplaces,4.7,,"Nagar, Manmad Rd, near Padmavati Petrol Pump, Savedi, Ahilyanagar, Maharashtra 414003",Savedi,19.1311018,74.7232784,ChIJ0YnH1F9Z3DsRXkaZGbjs6Bk,https://www.google.com/maps/place/?q=place_id:ChIJ0YnH1F9Z3DsRXkaZGbjs6Bk,part_105,2026-09-20 16:45:22,20371
Sonalika - Laxmi Tractors,Commercial Vehicle and Tractor Dealer,Tractor dealer,"Tractor dealer, Farm equipment supplier",384412,Gujarat Circle,Ahmedabad HQ Region,Mahesana Division,"Modhera SO, Gambhu BO, Kanoda BO",+91 97666 68788,https://dealers.sonalika.com/sonalika-laxmi-tractors-tractor-dealer-wadala-bahiroba-ahmednagar-528888/Home,4.4,,"Newasa, Vadala Bahiroba, Maharashtra 414602",384412,19.4306069,74.9044577,ChIJmdlOAu-d3DsRMEBFkep0MFQ,https://www.google.com/maps/place/?q=place_id:ChIJmdlOAu-d3DsRMEBFkep0MFQ,part_105,2026-09-20 16:45:22,20372
S.S TRACTOR,Commercial Vehicle and Tractor Dealer,Tractor dealer,Tractor dealer,384412,Gujarat Circle,Ahmedabad HQ Region,Mahesana Division,"Modhera SO, Gambhu BO, Kanoda BO",+91 86077 00009,N/A,5.0,,"Gadar patti Sector 29 Near Gulmohar city, Jind - Kaithal Rd, bypass, Kaithal, Haryana 136027","Sector 29, bypass",29.785499299999998,76.4200293,ChIJcRRwJhPhETkR8ofaIJTlrak,https://www.google.com/maps/place/?q=place_id:ChIJcRRwJhPhETkR8ofaIJTlrak,part_105,2026-09-20 16:45:22,20373
Powertrac Tractor - Shakti Automobiles,Commercial Vehicle and Tractor Dealer,Tractor dealer,Tractor dealer,384412,Gujarat Circle,Ahmedabad HQ Region,Mahesana Division,"Modhera SO, Gambhu BO, Kanoda BO",+91 93352 03662,https://www.powertracagri.com/in/en/dealers/shakti-automobiles-farrukhabad/,4.0,,"9HMR+QX8, MDR110W, Kadrigate, Farrukhabad, Uttar Pradesh 209625",Kadrigate,27.3844115,79.59244319999999,ChIJi-uwXnUxnjkRSg5zjVzAjzg,https://www.google.com/maps/place/?q=place_id:ChIJi-uwXnUxnjkRSg5zjVzAjzg,part_105,2026-09-20 16:45:22,20374
Tractor Gyan,Commercial Vehicle and Tractor Dealer,Marketing agency,Marketing agency,384412,Gujarat Circle,Ahmedabad HQ Region,Mahesana Division,"Modhera SO, Gambhu BO, Kanoda BO",+91 94257 00567,https://tractorgyan.com/,3.5,,"Kanak Avenue, A-162, MR11 Rd, Nipania, Indore, Madhya Pradesh 452010",Nipania,22.775803399999997,75.91941109999999,ChIJ8WzHPiXBdjkRHoILWqiKDpM,https://www.google.com/maps/place/?q=place_id:ChIJ8WzHPiXBdjkRHoILWqiKDpM,part_105,2026-09-20 16:45:22,20375
Mahindra Caravel Motors - SUV & Commercial Vehicle Showroom,Commercial Vehicle and Tractor Dealer,Car dealer,Car dealer,384412,Gujarat Circle,Ahmedabad HQ Region,Mahesana Division,"Modhera SO, Gambhu BO, Kanoda BO",+91 70690 75826,https://dealers-auto.mahindra.com/mahindra-caravel-motors-suv-and-commercial-showroom-crv1c010481-chhani,4.3,,"NH 8, Guru Gobindsinhji Marg, opposite G.S.F.C, GSFC, Main Gate, Vadodara, Gujarat 391750","GSFC, Main Gate",22.3740208,73.1601348,ChIJRzaLW0LJXzkRn-EFj_z6JWU,https://www.google.com/maps/place/?q=place_id:ChIJRzaLW0LJXzkRn-EFj_z6JWU,part_105,2026-09-20 16:45:22,20376
"Apco Motors India. Pvt. Ltd, Ahmedabad",Commercial Vehicle and Tractor Dealer,Truck dealer,Truck dealer,384415,Gujarat Circle,Ahmedabad HQ Region,Mahesana Division,"Becharaji SO, Ambala BO, Chadasana BO",+91 98246 53504,https://www.eichertrucksandbuses.com/,4.3,274.0,"Shri Krishna Temple Turning, Plot No-193/1-2, Jayraj Estate, Near. Shri Krishna Temple, Near. Lambha, Narolgam, Ahmedabad, Gujarat 382405",Narolgam,22.9407689,72.5922056,ChIJp0Vgdz2PXjkRLTTE_Hq026o,https://www.google.com/maps/place/?q=place_id:ChIJp0Vgdz2PXjkRLTTE_Hq026o,part_105,2026-09-20 16:46:16,22593
Shri Krishna Agency,Commercial Vehicle and Tractor Dealer,Tractor dealer,Tractor dealer,384415,Gujarat Circle,Ahmedabad HQ Region,Mahesana Division,"Becharaji SO, Ambala BO, Chadasana BO",+91 94256 36275,N/A,4.4,18.0,"Bade bhole Shankar ji ke pass Baheriya, Gadgad jabalpur road, Madhya Pradesh 470021",384415,23.8785696,78.8131377,ChIJBbmtcJ7ReDkRFe2gyeY8K6Q,https://www.google.com/maps/place/?q=place_id:ChIJBbmtcJ7ReDkRFe2gyeY8K6Q,part_105,2026-09-20 16:46:17,22594
बालाजी ट्रैक्टर & Camper डीलर,Commercial Vehicle and Tractor Dealer,Tractor dealer,Tractor dealer,384415,Gujarat Circle,Ahmedabad HQ Region,Mahesana Division,"Becharaji SO, Ambala BO, Chadasana BO",N/A,N/A,5.0,1.0,"Bikaner - Barmer Rd, Palapura, Rajasthan 344026",384415,26.2485318,72.6191912,ChIJS9h5m1Z5QTkRGOBbuSZrq3M,https://www.google.com/maps/place/?q=place_id:ChIJS9h5m1Z5QTkRGOBbuSZrq3M,part_105,2026-09-20 16:46:17,22595
Eicher Trucks and Buses - MGB Motors And Auto Agencies,Commercial Vehicle and Tractor Dealer,Truck dealer,"Truck dealer, Motor vehicle dealer, Truck parts supplier, Truck repair shop",384415,Gujarat Circle,Ahmedabad HQ Region,Mahesana Division,"Becharaji SO, Ambala BO, Chadasana BO",+91 80 3783 9461,https://www.eichertrucksandbusesidabollaramroadmiyapur.com/?utm_source=gmb&utm_medium=google&utm_campaign=seo-local,4.6,67.0,"PN 49/A, No 334 to 337, IDA Bollaram Road, Bachupally, Miyapur, Telangana 500118",Bachupally,17.5381064,78.353611,ChIJYQ4mVeSNyzsRmWdDGMyuwuM,https://www.google.com/maps/place/?q=place_id:ChIJYQ4mVeSNyzsRmWdDGMyuwuM,part_105,2026-09-20 16:46:17,22596
Swaraj Tractors - M/S DSG Agrotech Pvt.Ltd,Commercial Vehicle and Tractor Dealer,Tractor dealer,"Tractor dealer, Farm equipment supplier, Tractor repair shop",384415,Gujarat Circle,Ahmedabad HQ Region,Mahesana Division,"Becharaji SO, Ambala BO, Chadasana BO",+91 674 617 2319,https://dealers.swarajtractors.com/tractor-showroom/buldhana/Mehkar/swaraj-tractors-ms-dsg-agrotech-pvtltd-in-Mehkar-buldhana--eJ1tBQ/home,5.0,,"No 15/2, Aniket, Janephal - Khamgaon Rd, opposite KGM Complex, Rahemat Nagar, Mehkar, Maharashtra 443301",Rahemat Nagar,20.1596297,76.5741213,ChIJ2UWLnEuZ0DsRy3aN0FdE_yc,https://www.google.com/maps/place/?q=place_id:ChIJ2UWLnEuZ0DsRy3aN0FdE_yc,part_105,2026-09-20 16:46:18,22597
Kesharwani Tractors,Commercial Vehicle and Tractor Dealer,Tractor dealer,Tractor dealer,384415,Gujarat Circle,Ahmedabad HQ Region,Mahesana Division,"Becharaji SO, Ambala BO, Chadasana BO",+91 83195 35271,N/A,4.0,,"Near Old Bus Stand, Latwa Road, Baloda Bazar, Chhattisgarh 493332",384415,21.6576415,82.161444,ChIJF29-on2BKDoRC8s8CabIaE4,https://www.google.com/maps/place/?q=place_id:ChIJF29-on2BKDoRC8s8CabIaE4,part_105,2026-09-20 16:46:18,22598
Mahindra Tractors - Sree Balaji Motors,Commercial Vehicle and Tractor Dealer,Tractor dealer,"Tractor dealer, Farm equipment supplier, Tractor repair shop",384415,Gujarat Circle,Ahmedabad HQ Region,Mahesana Division,"Becharaji SO, Ambala BO, Chadasana BO",+91 97774 55267,https://www.mahindratractor.com/,4.6,,"Main Road, nearby Santoshi Maa Temple, Asika, Bhanjanagar, Odisha 761110",384415,19.6217917,84.6603698,ChIJdWiuM-q2IjoROa40G1ie-vM,https://www.google.com/maps/place/?q=place_id:ChIJdWiuM-q2IjoROa40G1ie-vM,part_105,2026-09-20 16:46:18,22599
Swaraj Tractors - M/S Sri Hari Tractors,Commercial Vehicle and Tractor Dealer,Tractor dealer,"Tractor dealer, Agricultural service",384415,Gujarat Circle,Ahmedabad HQ Region,Mahesana Division,"Becharaji SO, Ambala BO, Chadasana BO",+91 80 3790 8413,https://dealers.swarajtractors.com/swaraj-tractors/tractor-showroom-in-bastar/tractor-showroom-in-jagdalpur/swaraj-tractor-ms-sri-hari-tractors-in-jagdalpur-bastar--61a5f54e-8d00-4e5b-84d7-b44e86bfadec/home,4.6,,"NH 16, Geedam Rd, nearby Tata Motors Showroom, Pandripan, Jagdalpur, Chhattisgarh 494001",384415,19.065967,81.9642319,ChIJ7bXqL2YTMDoRvKr0D-V9tUA,https://www.google.com/maps/place/?q=place_id:ChIJ7bXqL2YTMDoRvKr0D-V9tUA,part_105,2026-09-20 16:46:18,22600
Mahindra Shivam Sales Corporation,Commercial Vehicle and Tractor Dealer,Car dealer,Car dealer,384421,Gujarat Circle,Ahmedabad HQ Region,Mahesana Division,"Jhotana SO, Bhesana BO, Diwanpura BO",+91 82917 34023,https://dealers-auto.mahindra.com/mahindra-shivam-sales-corporation-suv-commercial-vehicle-showroom-shivam-sales-corporation-car-dealer-abu-highway-palanpur-473614/Home?utm_source=locator&utm_medium=googleplaces,4.1,450.0,"NH 27, Abu Road, near Surmandir, opp. Gayatri Mandir, Bihari Bag, Maheshwari Colony, Palanpur, Gujarat 385001","Bihari Bag, Maheshwari Colony",24.190588899999998,72.4317066,ChIJPZtgCt3rXDkRT31wy_m8Cfg,https://www.google.com/maps/place/?q=place_id:ChIJPZtgCt3rXDkRT31wy_m8Cfg,part_105,2026-09-20 16:46:54,24009
Mahindra Punjab Automotive Pvt Ltd - SUV & Commercial Vehicle Showroom,Commercial Vehicle and Tractor Dealer,Car dealer,Car dealer,384421,Gujarat Circle,Ahmedabad HQ Region,Mahesana Division,"Jhotana SO, Bhesana BO, Diwanpura BO",+91 82911 45485,N/A,4.5,3148.0,"next to Sola Flyover bridge, opposite Mercedes Benz Showroom, Sola, Ahmedabad, Gujarat 380061",Sola,23.072887899999998,72.5235649,ChIJr6iDOkuDXjkRfaOL-psPGBs,https://www.google.com/maps/place/?q=place_id:ChIJr6iDOkuDXjkRfaOL-psPGBs,part_105,2026-09-20 16:46:54,24010
Old Tractors Sales,Commercial Vehicle and Tractor Dealer,Tractor dealer,Tractor dealer,384421,Gujarat Circle,Ahmedabad HQ Region,Mahesana Division,"Jhotana SO, Bhesana BO, Diwanpura BO",N/A,N/A,5.0,,"Opposite to EB office, Chetpet to, SH4, Arani, Tamil Nadu 632313",384421,12.5486323,79.3270383,ChIJe1GgcSLVrDsR8do--TQStdw,https://www.google.com/maps/place/?q=place_id:ChIJe1GgcSLVrDsR8do--TQStdw,part_105,2026-09-20 16:46:55,24011
SAI DURGA AGRI MECHANISATION PVT LMTD KUBOTA TRACTOR SHOWROOM,Commercial Vehicle and Tractor Dealer,Tractor dealer,Tractor dealer,384421,Gujarat Circle,Ahmedabad HQ Region,Mahesana Division,"Jhotana SO, Bhesana BO, Diwanpura BO",N/A,N/A,5.0,,"Parkal, Telangana 506164",384421,18.201935799999998,79.70995959999999,ChIJPXS7R0w-MzoR-Toj4I4tWts,https://www.google.com/maps/place/?q=place_id:ChIJPXS7R0w-MzoR-Toj4I4tWts,part_105,2026-09-20 16:46:55,24012
Shivam Tractors Sales (John Deere Tractor),Commercial Vehicle and Tractor Dealer,Tractor dealer,Tractor dealer,384421,Gujarat Circle,Ahmedabad HQ Region,Mahesana Division,"Jhotana SO, Bhesana BO, Diwanpura BO",N/A,N/A,3.3,,"RQ6X+3XF, Mancherial-Chennur-Jagdalpur Rd, Chhattisgarh 494444",384421,18.8101807,80.7999191,ChIJga1k4P8nMjoR_hiem3wXNwI,https://www.google.com/maps/place/?q=place_id:ChIJga1k4P8nMjoR_hiem3wXNwI,part_105,2026-09-20 16:46:55,24013
Biggaddi,Commercial Vehicle and Tractor Dealer,Used car dealer,Used car dealer,384430,Gujarat Circle,Ahmedabad HQ Region,Mahesana Division,"Santhal SO, Katosan BO, Martoli BO",+91 98246 00744,https://www.biggaddi.com/,5.0,2.0,"105, Kamal Complex,, Nr. Stadium Cross Roads, CG Road,, Ahmedabad, Gujarat 380009","Navarangpura Gam, Navrangpura",23.036642,72.5650306,ChIJIV4nHfWEXjkRWA2_XAifuYs,https://www.google.com/maps/place/?q=place_id:ChIJIV4nHfWEXjkRWA2_XAifuYs,part_105,2026-09-20 16:47:31,24628
"Karunasagar Tractor Sales and Service, Kubota Tractors",Commercial Vehicle and Tractor Dealer,Tractor dealer,Tractor dealer,384430,Gujarat Circle,Ahmedabad HQ Region,Mahesana Division,"Santhal SO, Katosan BO, Martoli BO",+91 95102 90958,N/A,4.8,14.0,"Anand, Chikhodra Rd, near avsar party plot, Chikhodra, Gujarat 388001",Rajodpura,22.554765399999997,72.9855195,ChIJ97-0pslNXjkR8PTPyWMcxsU,https://www.google.com/maps/place/?q=place_id:ChIJ97-0pslNXjkR8PTPyWMcxsU,part_105,2026-09-20 16:47:32,24629
