business_name,search_category,primary_category,all_categories,pincode,circle,region,division,major_offices,phone_number,website,rating,reviews_count,address,area,latitude,longitude,place_id,place_url,part_id,crawled_at,s_no
Shree ram hostel deesa,Hostels,Boys' hostel,"Boys' hostel, Student dormitory",385540,Gujarat Circle,Ahmedabad HQ Region,Banaskantha Division,"Junadisa SO, Dhuva BO, Jhabadia BO",N/A,N/A,5.0,20.0,"Chadralok road, Ambika Chowk Rd, Neminath Nagar, Deesa, Gujarat 385535",Neminath Nagar,24.2543254,72.1833875,ChIJh96ILqu9XDkRjYr19LCzX0o,https://www.google.com/maps/place/?q=place_id:ChIJh96ILqu9XDkRjYr19LCzX0o,part_106,2026-09-20 16:40:17,3811
Aanand Hostel,Hostels,Student dormitory,Student dormitory,385540,Gujarat Circle,Ahmedabad HQ Region,Banaskantha Division,"Junadisa SO, Dhuva BO, Jhabadia BO",+91 95109 62969,N/A,4.5,11.0,"758J+WCH, Tekara, Deesa, Gujarat 385535",Tekara,24.267301699999997,72.18109609999999,ChIJ-UG65CC9XDkRrrCLOaEXtvc,https://www.google.com/maps/place/?q=place_id:ChIJ-UG65CC9XDkRrrCLOaEXtvc,part_106,2026-09-20 16:40:17,3812
Gopalak Rabari Samaj Hostel,Hostels,Boys' hostel,Boys' hostel,385540,Gujarat Circle,Ahmedabad HQ Region,Banaskantha Division,"Junadisa SO, Dhuva BO, Jhabadia BO",N/A,N/A,4.4,27.0,"Gayatri Mandir Rd., 385535, Deesa, Gujarat 385535",Tekara,24.264008699999998,72.1800308,ChIJa9eZh_y8XDkR2Ddt2Lec96M,https://www.google.com/maps/place/?q=place_id:ChIJa9eZh_y8XDkR2Ddt2Lec96M,part_106,2026-09-20 16:40:17,3813
Krishna Boys Hostel,Hostels,Student dormitory,Student dormitory,385540,Gujarat Circle,Ahmedabad HQ Region,Banaskantha Division,"Junadisa SO, Dhuva BO, Jhabadia BO",N/A,N/A,4.8,22.0,"Dantiwada, Gujarat 385506",385540,24.317689599999998,72.3081613,ChIJF2buJ2O_XDkR28Lmt9wGAL8,https://www.google.com/maps/place/?q=place_id:ChIJF2buJ2O_XDkR28Lmt9wGAL8,part_106,2026-09-20 16:40:17,3814
ગજાનંદ કુમાર છાત્રાલય ભીલડી,Hostels,Backpacker Hostel,Backpacker Hostel,385540,Gujarat Circle,Ahmedabad HQ Region,Banaskantha Division,"Junadisa SO, Dhuva BO, Jhabadia BO",+91 98796 71074,N/A,,,"52V5+4PP, Bhildi, Ratanpura, Gujarat 385530",385540,24.1928397,72.0093211,ChIJZQ6jegChXDkRcG-bRg1ZzUI,https://www.google.com/maps/place/?q=place_id:ChIJZQ6jegChXDkRcG-bRg1ZzUI,part_106,2026-09-20 16:40:17,3815
"Thakor Samaj Vikas Trust,Deesa",Hostels,Student dormitory,Student dormitory,385540,Gujarat Circle,Ahmedabad HQ Region,Banaskantha Division,"Junadisa SO, Dhuva BO, Jhabadia BO",+91 94260 47777,N/A,4.5,11.0,"65WP+G25, Deesa, Gujarat 385535",385540,24.2462602,72.1850986,ChIJgU007Ai9XDkRqc8gNo66cro,https://www.google.com/maps/place/?q=place_id:ChIJgU007Ai9XDkRqc8gNo66cro,part_106,2026-09-20 16:40:17,3816
Samras hostel(boys&girls) patan,Hostels,Boys' hostel,"Boys' hostel, Home Stay",385540,Gujarat Circle,Ahmedabad HQ Region,Banaskantha Division,"Junadisa SO, Dhuva BO, Jhabadia BO",N/A,N/A,4.7,91.0,"Saraswati mamalatdar kacheri, Patan, Samalpati, Gujarat 384266",385540,23.890202499999997,72.1361486,ChIJvbsCXwyHXDkRqw7ZuCAg1hQ,https://www.google.com/maps/place/?q=place_id:ChIJvbsCXwyHXDkRqw7ZuCAg1hQ,part_106,2026-09-20 16:40:17,3817
Bansi Hostel Deodar,Hostels,Student dormitory,Student dormitory,385540,Gujarat Circle,Ahmedabad HQ Region,Banaskantha Division,"Junadisa SO, Dhuva BO, Jhabadia BO",N/A,N/A,4.9,14.0,"4Q7M+V57, Diyodar, Kotda Deodar, Gujarat 385330",385540,24.1146727,71.7829091,ChIJZc3FJTRmWzkRfY7DAv9jZN8,https://www.google.com/maps/place/?q=place_id:ChIJZc3FJTRmWzkRfY7DAv9jZN8,part_106,2026-09-20 16:40:17,3818
Samarth Hostel,Hostels,Student dormitory,Student dormitory,385540,Gujarat Circle,Ahmedabad HQ Region,Banaskantha Division,"Junadisa SO, Dhuva BO, Jhabadia BO",N/A,N/A,4.7,95.0,"Abu highway, near Uday vidhyalaya, Palanpur, Gujarat 385001","Bihari Bag, Maheshwari Colony",24.1893335,72.4266111,ChIJ9cbzdHDpXDkRfJiPVtkKT9s,https://www.google.com/maps/place/?q=place_id:ChIJ9cbzdHDpXDkRfJiPVtkKT9s,part_106,2026-09-20 16:40:17,3819
Jay Hind Hostel Tharad,Hostels,Boys' hostel,Boys' hostel,385540,Gujarat Circle,Ahmedabad HQ Region,Banaskantha Division,"Junadisa SO, Dhuva BO, Jhabadia BO",+91 98984 91117,https://jayhindmindsethub.com/,4.8,37.0,"Four Road, Tharad, Vajegadh, Gujarat 385565",385540,24.3852802,71.6343339,ChIJN2gP77NJWzkRzc7ZcmvsGpo,https://www.google.com/maps/place/?q=place_id:ChIJN2gP77NJWzkRzc7ZcmvsGpo,part_106,2026-09-20 16:40:17,3820
Mayur Hostel,Hostels,Boys' hostel,Boys' hostel,385540,Gujarat Circle,Ahmedabad HQ Region,Banaskantha Division,"Junadisa SO, Dhuva BO, Jhabadia BO",+91 81608 31164,N/A,4.2,56.0,"New gunj bajar, Banas Dairy Rd, Palanpur, Gujarat 385001",Modi Nagar,24.155271199999998,72.4386382,ChIJT_YZm03pXDkRny-L9BOno1w,https://www.google.com/maps/place/?q=place_id:ChIJT_YZm03pXDkRny-L9BOno1w,part_106,2026-09-20 16:40:17,3821
Galaxy Girl's Hostel & P.G,Hostels,Girls' hostel,Girls' hostel,385540,Gujarat Circle,Ahmedabad HQ Region,Banaskantha Division,"Junadisa SO, Dhuva BO, Jhabadia BO",+91 99746 67890,N/A,4.8,27.0,"Hari Om Market Pasal, Gurunanak Chowk, Sanskar Society, Palanpur, Gujarat 385001",Sanskar Society,24.1706434,72.431945,ChIJiQ01awDpXDkRVSf1nrgBYZc,https://www.google.com/maps/place/?q=place_id:ChIJiQ01awDpXDkRVSf1nrgBYZc,part_106,2026-09-20 16:40:17,3822
"Thakor Samaj Hostel, Patan ....",Hostels,Boys' hostel,Boys' hostel,385540,Gujarat Circle,Ahmedabad HQ Region,Banaskantha Division,"Junadisa SO, Dhuva BO, Jhabadia BO",N/A,N/A,4.3,35.0,"R4PP+929, indraprashth, Patan, Gujarat 384265",indraprashth,23.8359156,72.1351083,ChIJ341TmFZ9XDkR-VqO33846Gg,https://www.google.com/maps/place/?q=place_id:ChIJ341TmFZ9XDkR-VqO33846Gg,part_106,2026-09-20 16:40:17,3823
SHREE DHANDHAR PANCHAL CHHATRALAYA PALANPUR,Hostels,Boys' hostel,Boys' hostel,385540,Gujarat Circle,Ahmedabad HQ Region,Banaskantha Division,"Junadisa SO, Dhuva BO, Jhabadia BO",+91 2742 255 020,N/A,4.4,76.0,"5C8M+X7V, Sanskar Society, Palanpur, Gujarat 385001",Sanskar Society,24.1674993,72.4331751,ChIJsQvL7FvpXDkRudkhkOBURmY,https://www.google.com/maps/place/?q=place_id:ChIJsQvL7FvpXDkRudkhkOBURmY,part_106,2026-09-20 16:40:17,3824
J. C. Bose Boys Hostel SDAU Dantiwada,Hostels,Boys' hostel,Boys' hostel,385540,Gujarat Circle,Ahmedabad HQ Region,Banaskantha Division,"Junadisa SO, Dhuva BO, Jhabadia BO",N/A,N/A,5.0,1.0,"S.D.A, U.S.K, Dantiwada, Gujarat 385506",U.S.K,24.324375099999997,72.3191507,ChIJc5UHJQC5XDkRi-ukNpRL9Hg,https://www.google.com/maps/place/?q=place_id:ChIJc5UHJQC5XDkRi-ukNpRL9Hg,part_106,2026-09-20 16:40:17,3825
"Adarsh Hostel,Tirthgam",Hostels,Student dormitory,Student dormitory,385540,Gujarat Circle,Ahmedabad HQ Region,Banaskantha Division,"Junadisa SO, Dhuva BO, Jhabadia BO",N/A,N/A,4.5,11.0,"Vav Bhabhar, Road, Tithgam, Madka, Gujarat 385575",Road,24.2594043,71.5199804,ChIJJ20yeGs5WzkRm18RGF3TEcs,https://www.google.com/maps/place/?q=place_id:ChIJJ20yeGs5WzkRm18RGF3TEcs,part_106,2026-09-20 16:40:17,3826
U C Hostel,Hostels,Student dormitory,Student dormitory,385540,Gujarat Circle,Ahmedabad HQ Region,Banaskantha Division,"Junadisa SO, Dhuva BO, Jhabadia BO",N/A,N/A,,,"752Q+8M7, Ambika Chowk Rd, Kachi Colony, Deesa, Gujarat 385535",Kachi Colony,24.2507998,72.189185,ChIJe-EXPQC9XDkRTKTbHsG404g,https://www.google.com/maps/place/?q=place_id:ChIJe-EXPQC9XDkRTKTbHsG404g,part_106,2026-09-20 16:40:18,3827
સિબાવળ કુમાર છાત્રાલય,Hostels,Boys' hostel,Boys' hostel,385545,Gujarat Circle,Ahmedabad HQ Region,Banaskantha Division,"Khimat SO, Alwada BO, Anapur Chhota BO",N/A,N/A,5.0,,"F8X4+JW, Panthawada, Gujarat 385545",385545,24.4990901,72.3072947,ChIJRdb_RwC3XDkRtA1p8O9P2UY,https://www.google.com/maps/place/?q=place_id:ChIJRdb_RwC3XDkRtA1p8O9P2UY,part_106,2026-09-20 16:40:51,8895
Deepjyot Hostel Dhanera,Hostels,Boys' hostel,Boys' hostel,385545,Gujarat Circle,Ahmedabad HQ Region,Banaskantha Division,"Khimat SO, Alwada BO, Anapur Chhota BO",+91 80008 03628,http://www.deepjyothostel.in/,5.0,14.0,"Shree ram society, near Chamunda Nagar Society, Dhanera, Gujarat 385310",385545,24.4989286,72.02329019999999,ChIJNZKLveGrXDkRVjqgP4HdyHU,https://www.google.com/maps/place/?q=place_id:ChIJNZKLveGrXDkRVjqgP4HdyHU,part_106,2026-09-20 16:40:52,8896
Narmada boys hostel sdau,Hostels,Student dormitory,Student dormitory,385545,Gujarat Circle,Ahmedabad HQ Region,Banaskantha Division,"Khimat SO, Alwada BO, Anapur Chhota BO",N/A,N/A,2.5,4.0,"boys hostel, sdau Sports complex, Dantiwada, Gujarat 385506",385545,24.3180577,72.3084524,ChIJVZglQ6u_XDkRPywFwZJj9rI,https://www.google.com/maps/place/?q=place_id:ChIJVZglQ6u_XDkRPywFwZJj9rI,part_106,2026-09-20 16:40:52,8897
SHREE SUNDHA HOSTEL,Hostels,Student dormitory,Student dormitory,385545,Gujarat Circle,Ahmedabad HQ Region,Banaskantha Division,"Khimat SO, Alwada BO, Anapur Chhota BO",+91 99797 71781,N/A,5.0,3.0,"KARGIL TIN RASTA, Nenava Rd, Dhanera, Gujarat 385310",385545,24.4973849,72.020839,ChIJRRqKMcerXDkRwxQV5eF3Ms8,https://www.google.com/maps/place/?q=place_id:ChIJRRqKMcerXDkRwxQV5eF3Ms8,part_106,2026-09-20 16:40:52,8898
Krishna boy's hostel,Hostels,Boys' hostel,Boys' hostel,385545,Gujarat Circle,Ahmedabad HQ Region,Banaskantha Division,"Khimat SO, Alwada BO, Anapur Chhota BO",N/A,N/A,3.0,3.0,"G23H+5W5, Dhanera, Gujarat 385310",385545,24.5028814,72.02986709999999,ChIJTTn0cwCrXDkRYnSeKtr0NAw,https://www.google.com/maps/place/?q=place_id:ChIJTTn0cwCrXDkRYnSeKtr0NAw,part_106,2026-09-20 16:40:52,8899
Gurudev Hostel Dhanera,Hostels,Boys' hostel,Boys' hostel,385545,Gujarat Circle,Ahmedabad HQ Region,Banaskantha Division,"Khimat SO, Alwada BO, Anapur Chhota BO",N/A,N/A,5.0,1.0,"G22H+MWQ, Dhanera, Gujarat 385310",385545,24.5016073,72.0297927,ChIJM3IQewCrXDkROY0oZic2kGU,https://www.google.com/maps/place/?q=place_id:ChIJM3IQewCrXDkROY0oZic2kGU,part_106,2026-09-20 16:40:52,8900
Prajapati Boy's Hostel,Hostels,Student housing center,Student housing center,385545,Gujarat Circle,Ahmedabad HQ Region,Banaskantha Division,"Khimat SO, Alwada BO, Anapur Chhota BO",N/A,N/A,3.9,51.0,"RJR9+9MJ, National Highway 15, Gujarat 385340",385545,23.840959899999998,71.6191288,ChIJ-9aD-vV0WzkReThDWw0je3Y,https://www.google.com/maps/place/?q=place_id:ChIJ-9aD-vV0WzkReThDWw0je3Y,part_106,2026-09-20 16:40:52,8901
Kasturba ghadhi balika vidhyalay Sampra,Hostels,Working women's hostel,Working women's hostel,385550,Gujarat Circle,Ahmedabad HQ Region,Banaskantha Division,"Sihori SO, Bukoli BO, Chekhla BO",N/A,N/A,4.6,9.0,"XX77+34X, Sampra, Gujarat 384272",385550,23.9627405,71.9628438,ChIJl1pygS-DXDkR6e3--hN9GV4,https://www.google.com/maps/place/?q=place_id:ChIJl1pygS-DXDkR6e3--hN9GV4,part_106,2026-09-20 16:41:26,12093
Sanskar hostel diyodar,Hostels,Boys' hostel,Boys' hostel,385550,Gujarat Circle,Ahmedabad HQ Region,Banaskantha Division,"Sihori SO, Bukoli BO, Chekhla BO",N/A,N/A,5.0,2.0,"3QXM+WRX, Boda, Gujarat 385330",385550,24.100776099999997,71.7837637,ChIJb4XKIwBnWzkRYtI1bciXsnw,https://www.google.com/maps/place/?q=place_id:ChIJb4XKIwBnWzkRYtI1bciXsnw,part_106,2026-09-20 16:41:26,12094
Vssm hostel,Hostels,Education center,Education center,385550,Gujarat Circle,Ahmedabad HQ Region,Banaskantha Division,"Sihori SO, Bukoli BO, Chekhla BO",N/A,N/A,5.0,1.0,"2VR2+FF4, Kakar, Gujarat 385550",385550,24.0411376,71.85120359999999,ChIJoZ7fBYdlWzkR3HeVPXIGbw4,https://www.google.com/maps/place/?q=place_id:ChIJoZ7fBYdlWzkR3HeVPXIGbw4,part_106,2026-09-20 16:41:26,12095
જય ગોગા હોસ્ટેલ દિયોદર,Hostels,Student housing center,Student housing center,385550,Gujarat Circle,Ahmedabad HQ Region,Banaskantha Division,"Sihori SO, Bukoli BO, Chekhla BO",N/A,https://youth-hostel-gujarat-385330-158799.grexa.site/,4.7,7.0,"Narmada Colony, Diyodar, Gujarat 385330",Narmada Colony,24.1120537,71.78013399999999,ChIJYZPhVgBnWzkREh0ishPzkdw,https://www.google.com/maps/place/?q=place_id:ChIJYZPhVgBnWzkREh0ishPzkdw,part_106,2026-09-20 16:41:27,12096
Shiv Boy's Hostel,Hostels,Student dormitory,Student dormitory,385550,Gujarat Circle,Ahmedabad HQ Region,Banaskantha Division,"Sihori SO, Bukoli BO, Chekhla BO",+91 87588 34424,N/A,3.0,4.0,"Gobri Road, Sanskar Society, Palanpur, Gujarat 385001",Sanskar Society,24.168407,72.4347303,ChIJc0_ZcwLpXDkRipiu89whX6c,https://www.google.com/maps/place/?q=place_id:ChIJc0_ZcwLpXDkRipiu89whX6c,part_106,2026-09-20 16:41:27,12097
Rover Stay Tourist Hostel,Hostels,Backpacker Hostel,Backpacker Hostel,385550,Gujarat Circle,Ahmedabad HQ Region,Banaskantha Division,"Sihori SO, Bukoli BO, Chekhla BO",+91 95124 99945,N/A,4.8,73.0,"VGC3+J49 B/s. Ghandhi Petrol Pump, Station Rd, Renton Village, Rajpipla, Gujarat 393145",Renton Village,21.8714172,73.502809,ChIJt50z_GEHYDkRbfst_u3ENYU,https://www.google.com/maps/place/?q=place_id:ChIJt50z_GEHYDkRbfst_u3ENYU,part_106,2026-09-20 16:41:27,12098
Maharana Pratap Hostel Diyodar,Hostels,Housing society,Housing society,385550,Gujarat Circle,Ahmedabad HQ Region,Banaskantha Division,"Sihori SO, Bukoli BO, Chekhla BO",N/A,N/A,4.0,2.0,"Shiv Nagar Society, near nilkanth temple, Darbar Gadh, Diyodar, Gujarat 385330",Darbar Gadh,24.1068933,71.7727182,ChIJYWQ5bABnWzkRRNqCrYZ0UeY,https://www.google.com/maps/place/?q=place_id:ChIJYWQ5bABnWzkRRNqCrYZ0UeY,part_106,2026-09-20 16:41:27,12099
राधाकृष्णन Hostel,Hostels,Boys' hostel,Boys' hostel,385550,Gujarat Circle,Ahmedabad HQ Region,Banaskantha Division,"Sihori SO, Bukoli BO, Chekhla BO",+91 97277 96894,N/A,3.4,8.0,"4Q7J+VPR, Kotda Deodar, Gujarat 385330",385550,24.1147474,71.7817742,ChIJEUbbQzRmWzkRpjG06siC9us,https://www.google.com/maps/place/?q=place_id:ChIJEUbbQzRmWzkRpjG06siC9us,part_106,2026-09-20 16:41:27,12100
Hotel madhuli tolltax bhalgam,Hostels,Backpacker Hostel,Backpacker Hostel,385550,Gujarat Circle,Ahmedabad HQ Region,Banaskantha Division,"Sihori SO, Bukoli BO, Chekhla BO",N/A,N/A,3.4,5.0,"WQ7P+P56, NH 27, Savpura, Gujarat 385560",385550,23.9142935,71.7854012,ChIJX864gsl7WzkRJs6b__1DvTI,https://www.google.com/maps/place/?q=place_id:ChIJX864gsl7WzkRJs6b__1DvTI,part_106,2026-09-20 16:41:27,12101
ઠાકોર બોર્ડિંગ થરા,Hostels,Backpacker Hostel,Backpacker Hostel,385555,Gujarat Circle,Ahmedabad HQ Region,Banaskantha Division,"Thara SO, Aganwada BO, Changa BO",N/A,N/A,,,"XR7F+H99, Thara, Sadujivas, Gujarat 385555",385555,23.963928799999998,71.8234793,ChIJ6RxXxvF7WzkRX6YROqfSI24,https://www.google.com/maps/place/?q=place_id:ChIJ6RxXxvF7WzkRX6YROqfSI24,part_106,2026-09-20 16:41:59,13546
Hostel,Hostels,Backpacker Hostel,Backpacker Hostel,385555,Gujarat Circle,Ahmedabad HQ Region,Banaskantha Division,"Thara SO, Aganwada BO, Changa BO",N/A,N/A,,,"XR9F+QVM, Thara, Sadujivas, Gujarat 385555",385555,23.9694626,71.8246838,ChIJMeQrgjt7WzkR95cQV90Q5gI,https://www.google.com/maps/place/?q=place_id:ChIJMeQrgjt7WzkR95cQV90Q5gI,part_106,2026-09-20 16:41:59,13547
Rajput Boys Hostel,Hostels,Student housing center,Student housing center,385560,Gujarat Circle,Ahmedabad HQ Region,Banaskantha Division,"Un SO Banaskantha, Bhadrewadi BO, Bhalgam BO",N/A,N/A,4.5,8.0,"Tharad, Gujarat 385565",385560,24.3860763,71.6293298,ChIJ_0MPfQVJWzkRsOR9GrKpX5Y,https://www.google.com/maps/place/?q=place_id:ChIJ_0MPfQVJWzkRsOR9GrKpX5Y,part_106,2026-09-20 16:42:33,15043
શ્રી ગોપાલક એજ્યુકેશન સેવા ટ્રસ્ટ થરાદ (રબારી સમાજ હોસ્ટેલ),Hostels,Youth Hostel,Youth Hostel,385565,Gujarat Circle,Ahmedabad HQ Region,Banaskantha Division,"Tharad SO, Asodar BO, Bevta BO",N/A,N/A,5.0,,"9JMW+55V, Tharad, Malupur, Gujarat 385565",385565,24.382979799999998,71.6454177,ChIJFSUoDwBJWzkR_uF3884pq-g,https://www.google.com/maps/place/?q=place_id:ChIJFSUoDwBJWzkR_uF3884pq-g,part_106,2026-09-20 16:43:06,16944
માધવ હોસ્ટેલ વજેગઢ (MADHAV HOSTEL),Hostels,Student dormitory,Student dormitory,385565,Gujarat Circle,Ahmedabad HQ Region,Banaskantha Division,"Tharad SO, Asodar BO, Bevta BO",+91 63538 76699,N/A,4.7,,"Sunflower hotel ni same, Deesa - Tharad Hwy, Vajegadh, Tharad, Gujarat 385565",385565,24.3830869,71.63921839999999,ChIJs-T4NQBJWzkReDjHbVJz0RQ,https://www.google.com/maps/place/?q=place_id:ChIJs-T4NQBJWzkReDjHbVJz0RQ,part_106,2026-09-20 16:43:06,16945
Shree Bholenath Boys Hostel,Hostels,Boys' hostel,Boys' hostel,385565,Gujarat Circle,Ahmedabad HQ Region,Banaskantha Division,"Tharad SO, Asodar BO, Bevta BO",N/A,N/A,5.0,,"9JR9+6MV, Tharad, Gujarat 385565",385565,24.390613899999998,71.61917369999999,ChIJrShnOQBJWzkRXU5IFYFKYRs,https://www.google.com/maps/place/?q=place_id:ChIJrShnOQBJWzkRXU5IFYFKYRs,part_106,2026-09-20 16:43:06,16946
Shree Gayatri Vidyavihar Hostel,Hostels,Student dormitory,Student dormitory,385565,Gujarat Circle,Ahmedabad HQ Region,Banaskantha Division,"Tharad SO, Asodar BO, Bevta BO",N/A,https://gayatrividhyaviharhostel.weebly.com/,5.0,,"9JMQ+PWX, Vajegadh, Gujarat 385565",385565,24.384289499999998,71.639974,ChIJwwc9XgBJWzkRXkE3vVUZASc,https://www.google.com/maps/place/?q=place_id:ChIJwwc9XgBJWzkRXkE3vVUZASc,part_106,2026-09-20 16:43:06,16947
ગોસ્વામી સમાજ ભવન,Hostels,Boys' hostel,Boys' hostel,385565,Gujarat Circle,Ahmedabad HQ Region,Banaskantha Division,"Tharad SO, Asodar BO, Bevta BO",N/A,N/A,5.0,,"9JJV+7X4, Malupur, Gujarat 385565",385565,24.380608199999998,71.6442904,ChIJBbuAWgBJWzkR7DNRWQ9QtrE,https://www.google.com/maps/place/?q=place_id:ChIJBbuAWgBJWzkR7DNRWQ9QtrE,part_106,2026-09-20 16:43:06,16948
Shree Harsiddi Hostel Vajegadh Tharad,Hostels,Boys' hostel,Boys' hostel,385565,Gujarat Circle,Ahmedabad HQ Region,Banaskantha Division,"Tharad SO, Asodar BO, Bevta BO",+91 96649 83158,N/A,5.0,,"9JMR+82M, Vajegadh, Gujarat 385565",385565,24.383325799999998,71.64006069999999,ChIJB-4hLABJWzkRvPQneL3bO4U,https://www.google.com/maps/place/?q=place_id:ChIJB-4hLABJWzkRvPQneL3bO4U,part_106,2026-09-20 16:43:06,16949
કસ્તુરબા ગાંધી બાલિકા વિધ્યાલય - પીલુડા,Hostels,Girls' hostel,Girls' hostel,385565,Gujarat Circle,Ahmedabad HQ Region,Banaskantha Division,"Tharad SO, Asodar BO, Bevta BO",N/A,N/A,5.0,,"HM2X+HVQ, Piluda, Gujarat 385565",385565,24.5514708,71.6997362,ChIJy7PDBgCzRDkRQ1rWm6kgnS0,https://www.google.com/maps/place/?q=place_id:ChIJy7PDBgCzRDkRQ1rWm6kgnS0,part_106,2026-09-20 16:43:06,16950
MEET HOSTEL,Hostels,Education center,Education center,385565,Gujarat Circle,Ahmedabad HQ Region,Banaskantha Division,"Tharad SO, Asodar BO, Bevta BO",+91 90996 10191,N/A,2.7,,"Vajegadh, Gujarat 385565",385565,24.3802093,71.6401082,ChIJB1oWvuxJWzkRqs0JxnI1v_c,https://www.google.com/maps/place/?q=place_id:ChIJB1oWvuxJWzkRqs0JxnI1v_c,part_106,2026-09-20 16:43:06,16951
"Boys hostel SDAU, COA Tharad",Hostels,Bed & breakfast,Bed & breakfast,385565,Gujarat Circle,Ahmedabad HQ Region,Banaskantha Division,"Tharad SO, Asodar BO, Bevta BO",N/A,N/A,,,"Trivedi Educational Campus, A. P, Road, Lunawa, Chudmer, Gujarat 385565",385565,24.4054999,71.5893901,ChIJa7OpFABJWzkRtq7TPmyaDZs,https://www.google.com/maps/place/?q=place_id:ChIJa7OpFABJWzkRtq7TPmyaDZs,part_106,2026-09-20 16:43:06,16952
Jay goga hostel,Hostels,Backpacker Hostel,Backpacker Hostel,385565,Gujarat Circle,Ahmedabad HQ Region,Banaskantha Division,"Tharad SO, Asodar BO, Bevta BO",N/A,N/A,,,"9JMQ+6R5, Vajegadh, Tharad, Gujarat 385565",385565,24.383011099999997,71.63957359999999,ChIJTwURDgBJWzkRW8drBHyMvrE,https://www.google.com/maps/place/?q=place_id:ChIJTwURDgBJWzkRW8drBHyMvrE,part_106,2026-09-20 16:43:06,16953
અમૃતમ (Boys) હોસ્ટેલ થરાદ,Hostels,Backpacker Hostel,Backpacker Hostel,385565,Gujarat Circle,Ahmedabad HQ Region,Banaskantha Division,"Tharad SO, Asodar BO, Bevta BO",N/A,N/A,,,"9JMQ+F26, Vajegadh, Gujarat 385565",385565,24.383654099999998,71.63755549999999,ChIJSSq8dQBJWzkRJh0x5_t1v-8,https://www.google.com/maps/place/?q=place_id:ChIJSSq8dQBJWzkRJh0x5_t1v-8,part_106,2026-09-20 16:43:06,16954
Shree Ramdevpir Hostel Tharad,Hostels,Boys' hostel,Boys' hostel,385565,Gujarat Circle,Ahmedabad HQ Region,Banaskantha Division,"Tharad SO, Asodar BO, Bevta BO",N/A,N/A,,,"Malupur Rd, Tharad, Gujarat 385565",385565,24.389379899999998,71.6362877,ChIJJb_-Iw9JWzkRB62UrPkv8W8,https://www.google.com/maps/place/?q=place_id:ChIJJb_-Iw9JWzkRB62UrPkv8W8,part_106,2026-09-20 16:43:06,16955
RAJPUT SAMAJ BHAVAN VAV THARAD SUIGAM,Hostels,Boys' hostel,Boys' hostel,385565,Gujarat Circle,Ahmedabad HQ Region,Banaskantha Division,"Tharad SO, Asodar BO, Bevta BO",N/A,N/A,5.0,,"9JH5+X2W, Abhepura, Gujarat 385565",385565,24.3799969,71.6075858,ChIJc-EqMABJWzkRD_lDauE7Ugs,https://www.google.com/maps/place/?q=place_id:ChIJc-EqMABJWzkRD_lDauE7Ugs,part_106,2026-09-20 16:43:06,16956
"Rajeshwar Science Hostel , Tharad.",Hostels,Education center,Education center,385565,Gujarat Circle,Ahmedabad HQ Region,Banaskantha Division,"Tharad SO, Asodar BO, Bevta BO",+91 74868 67311,N/A,5.0,,"9JJ7+PW2, Abhepura, Gujarat 385565",385565,24.3817624,71.6147676,ChIJ21MrKgBJWzkR1vWwhwYLumg,https://www.google.com/maps/place/?q=place_id:ChIJ21MrKgBJWzkR1vWwhwYLumg,part_106,2026-09-20 16:43:06,16957
CHAUDHARY HOSTEL THARAD,Hostels,Boys' hostel,Boys' hostel,385565,Gujarat Circle,Ahmedabad HQ Region,Banaskantha Division,"Tharad SO, Asodar BO, Bevta BO",N/A,N/A,,,"9JRQ+GQW, Tharad, Gujarat 385565",385565,24.391368699999997,71.6394569,ChIJTzQKegBJWzkRkElrDVny7O4,https://www.google.com/maps/place/?q=place_id:ChIJTzQKegBJWzkRkElrDVny7O4,part_106,2026-09-20 16:43:06,16958
Do.AMBEDKAR KANYA CHATRALAY,Hostels,Girls' hostel,Girls' hostel,385565,Gujarat Circle,Ahmedabad HQ Region,Banaskantha Division,"Tharad SO, Asodar BO, Bevta BO",N/A,N/A,5.0,,"9JPQ+XRH, Tharad, Malupur, Gujarat 385565",385565,24.3874483,71.6396022,ChIJf7rJcgBJWzkRnfXQnePfwuk,https://www.google.com/maps/place/?q=place_id:ChIJf7rJcgBJWzkRnfXQnePfwuk,part_106,2026-09-20 16:43:06,16959
Aadarsh kumar hostel,Hostels,Student dormitory,Student dormitory,385565,Gujarat Circle,Ahmedabad HQ Region,Banaskantha Division,"Tharad SO, Asodar BO, Bevta BO",+91 81408 40330,N/A,5.0,,"Nanipavad Rd, Vajegadh, Tharad, Gujarat 385565",385565,24.3816003,71.6381026,ChIJ4We3kwJJWzkRG3bjHsgv3Ss,https://www.google.com/maps/place/?q=place_id:ChIJ4We3kwJJWzkRG3bjHsgv3Ss,part_106,2026-09-20 16:43:06,16960
RAJPUROHIT HOSTEL,Hostels,Student housing center,Student housing center,385565,Gujarat Circle,Ahmedabad HQ Region,Banaskantha Division,"Tharad SO, Asodar BO, Bevta BO",N/A,N/A,4.7,43.0,"QQ86+M92, Hadecha Rd, Sanchore, Rajasthan 343041",385565,24.766638999999998,71.7608996,ChIJw7oxenS7RDkRCV4rAFyEY4Q,https://www.google.com/maps/place/?q=place_id:ChIJw7oxenS7RDkRCV4rAFyEY4Q,part_106,2026-09-20 16:43:06,16961
Dewasi Hostel & Dharamshala,Hostels,Student dormitory,Student dormitory,385565,Gujarat Circle,Ahmedabad HQ Region,Banaskantha Division,"Tharad SO, Asodar BO, Bevta BO",+91 96103 88768,N/A,4.4,145.0,"Ashapurna Colony, Sanchore, Rajasthan 343041",Ashapurna Colony,24.7534662,71.7739476,ChIJ3_QYVS-lRDkRceefE6drULA,https://www.google.com/maps/place/?q=place_id:ChIJ3_QYVS-lRDkRceefE6drULA,part_106,2026-09-20 16:43:06,16962
Shiv Shakti Hostel,Hostels,Student housing center,Student housing center,385565,Gujarat Circle,Ahmedabad HQ Region,Banaskantha Division,"Tharad SO, Asodar BO, Bevta BO",+91 96492 12017,N/A,4.9,62.0,"Saraswati Colony, Balaji Nagar, Sanchore, Rajasthan 343041","Saraswati Colony, Balaji Nagar",24.7517289,71.7788174,ChIJXVYzBP2lRDkRWQtfv0Vm68E,https://www.google.com/maps/place/?q=place_id:ChIJXVYzBP2lRDkRWQtfv0Vm68E,part_106,2026-09-20 16:43:06,16963
Pragati hostel,Hostels,Student dormitory,Student dormitory,385565,Gujarat Circle,Ahmedabad HQ Region,Banaskantha Division,"Tharad SO, Asodar BO, Bevta BO",N/A,N/A,4.5,38.0,"सागर हॉस्पिटल के पिछे, Gayatri School Road के पास, Balaji Nagar, Sanchore, Rajasthan 343041",Balaji Nagar,24.7473797,71.7763551,ChIJMyCh3gWlRDkRGVSmM9Mayyg,https://www.google.com/maps/place/?q=place_id:ChIJMyCh3gWlRDkRGVSmM9Mayyg,part_106,2026-09-20 16:43:06,16964
न्यू गायत्री हॉस्टल सांचौर,Hostels,Boys' hostel,Boys' hostel,385565,Gujarat Circle,Ahmedabad HQ Region,Banaskantha Division,"Tharad SO, Asodar BO, Bevta BO",N/A,N/A,5.0,2.0,"PQWJ+7R, Ramesh Colony, Sanchore, Rajasthan 343041",Ramesh Colony,24.7456267,71.7820833,ChIJ5wuMNgClRDkRBl9ZOoCuQwE,https://www.google.com/maps/place/?q=place_id:ChIJ5wuMNgClRDkRBl9ZOoCuQwE,part_106,2026-09-20 16:43:06,16965
Vivekanand hostel sanchore,Hostels,Student dormitory,Student dormitory,385565,Gujarat Circle,Ahmedabad HQ Region,Banaskantha Division,"Tharad SO, Asodar BO, Bevta BO",+91 84408 14898,N/A,5.0,15.0,"Sardar Patel Nagar, K.P. Nagar, Balaji Nagar, Sanchore, Rajasthan 343041","K.P. Nagar, Balaji Nagar",24.7482501,71.7789106,ChIJm_OZdgClRDkRmqI3-cT9Tcg,https://www.google.com/maps/place/?q=place_id:ChIJm_OZdgClRDkRmqI3-cT9Tcg,part_106,2026-09-20 16:43:06,16966
Kelvanidham Boys Hostel,Hostels,Student housing center,"Student housing center, Backpacker Hostel",385565,Gujarat Circle,Ahmedabad HQ Region,Banaskantha Division,"Tharad SO, Asodar BO, Bevta BO",+91 76240 91088,http://www.kelavanidham.org/,4.8,1454.0,"3M3F+WWW, New India Colony Rd, Ankur Chokadi, New India Colony, Ankur Tenament, Nikol, Ahmedabad, Gujarat 380049","Ankur Chokadi, New India Colony, Ankur Tenament, Nikol",23.0551335,72.6745716,ChIJJfPk8CKHXjkRPxr_AgkHW9E,https://www.google.com/maps/place/?q=place_id:ChIJJfPk8CKHXjkRPxr_AgkHW9E,part_106,2026-09-20 16:43:06,16967
Krishna Girls Hostel,Hostels,Apartment building,Apartment building,385565,Gujarat Circle,Ahmedabad HQ Region,Banaskantha Division,"Tharad SO, Asodar BO, Bevta BO",N/A,N/A,5.0,3.0,"9JM9+PG4, Tharad, Gujarat 385565",385565,24.3842511,71.618814,ChIJXxr8OABJWzkRn9Tk8_YZJbg,https://www.google.com/maps/place/?q=place_id:ChIJXxr8OABJWzkRn9Tk8_YZJbg,part_106,2026-09-20 16:43:07,16968
VRUNDAVAN HOSTEL THARAD,Hostels,Housing society,Housing society,385565,Gujarat Circle,Ahmedabad HQ Region,Banaskantha Division,"Tharad SO, Asodar BO, Bevta BO",N/A,N/A,,,"9JRM+5G9, Ramanuj Nagar Society, Tharad, Gujarat 385565",Ramanuj Nagar Society,24.3904087,71.6338541,ChIJH7KSKABJWzkR9feW6dviWAM,https://www.google.com/maps/place/?q=place_id:ChIJH7KSKABJWzkR9feW6dviWAM,part_106,2026-09-20 16:43:07,16969
Keshar-bhavani Hostel,Hostels,Youth Hostel,Youth Hostel,385566,Gujarat Circle,Ahmedabad HQ Region,Banaskantha Division,"Dhima SO, Akoli BO, Bhakhari BO",N/A,N/A,5.0,,"9JRM+594, Unnamed Road, Ramanuj Nagar Society, Tharad, Gujarat 385565",Ramanuj Nagar Society,24.390397099999998,71.6334437,ChIJAwXb8DRJWzkR_Seae4AvSIo,https://www.google.com/maps/place/?q=place_id:ChIJAwXb8DRJWzkR_Seae4AvSIo,part_106,2026-09-20 16:43:41,18126
Chamunda Boy Hostel,Hostels,Boys' hostel,Boys' hostel,385566,Gujarat Circle,Ahmedabad HQ Region,Banaskantha Division,"Dhima SO, Akoli BO, Bhakhari BO",N/A,N/A,4.0,,"9JPP+CJ2, Vajegadh, Gujarat 385565",385566,24.386012899999997,71.6365064,ChIJGY_aCaxJWzkRTC2cUAkSPXM,https://www.google.com/maps/place/?q=place_id:ChIJGY_aCaxJWzkRTC2cUAkSPXM,part_106,2026-09-20 16:43:41,18127
5936+J8C Hostel,Hostels,Building,Building,385570,Gujarat Circle,Ahmedabad HQ Region,Banaskantha Division,"Suigam SO, Benap BO, Bharadva BO",N/A,N/A,,,"5936+J8C, near school, Suigam, Gujarat 385570",385570,24.154456999999997,71.36097029999999,ChIJb9cQUN4iWzkRf1TwDEKIico,https://www.google.com/maps/place/?q=place_id:ChIJb9cQUN4iWzkRf1TwDEKIico,part_106,2026-09-20 16:44:14,19127
K. G. B. V,Hostels,Backpacker Hostel,Backpacker Hostel,385575,Gujarat Circle,Ahmedabad HQ Region,Banaskantha Division,"Vav SO, Asara BO, Baiyak BO",N/A,N/A,,,"5G9M+57F, Eta, Gujarat 385575",385575,24.167934799999998,71.5331763,ChIJxYuh17E_WzkR2VvLlbQ_kzo,https://www.google.com/maps/place/?q=place_id:ChIJxYuh17E_WzkR2VvLlbQ_kzo,part_106,2026-09-20 16:44:48,19943
Adarsh Kumar Chhatralay Tirthgam,Hostels,Boys' hostel,Boys' hostel,385575,Gujarat Circle,Ahmedabad HQ Region,Banaskantha Division,"Vav SO, Asara BO, Baiyak BO",N/A,N/A,5.0,1.0,"7G5C+J37 ta vav, dist, B K, tirthgam, Madka, Gujarat 385575",B K,24.259031399999998,71.5201845,ChIJ5WOiGhs5WzkRjLtbikrxYDU,https://www.google.com/maps/place/?q=place_id:ChIJ5WOiGhs5WzkRjLtbikrxYDU,part_106,2026-09-20 16:44:49,19944
"BAPS Swaminarayan Chhatralay, Nadiad",Hostels,Boys' hostel,Boys' hostel,387001,Gujarat Circle,Vadodara Region,Kheda Division,"Nadiad HO, Desai Vago SO, Dumral Bazar SO",+91 99989 90445,http://www.baps.org/humanitarianservices/Education-and-Research/Hostels/Nadiad.aspx,4.6,293.0,"Siddharth 302, Nutan Park Society, Nadiad, Gujarat 387003",Nutan Park Society,22.6866453,72.87646889999999,ChIJWTy88yFbXjkRqwoscJ6IUxo,https://www.google.com/maps/place/?q=place_id:ChIJWTy88yFbXjkRqwoscJ6IUxo,part_106,2026-09-20 16:45:22,22605
Royal Care Hostel,Hostels,Boys' hostel,Boys' hostel,387001,Gujarat Circle,Vadodara Region,Kheda Division,"Nadiad HO, Desai Vago SO, Dumral Bazar SO",+91 268 654 4552,http://www.royalcarehostel.com/,3.9,214.0,"Canal Rd, Nadiad, Gujarat 387370",387001,22.6784365,72.8822869,ChIJK2SXF9laXjkRFdBiJ_4fAqs,https://www.google.com/maps/place/?q=place_id:ChIJK2SXF9laXjkRFdBiJ_4fAqs,part_106,2026-09-20 16:45:22,22606
Pramukh boys PG,Hostels,Serviced accommodation,Serviced accommodation,387001,Gujarat Circle,Vadodara Region,Kheda Division,"Nadiad HO, Desai Vago SO, Dumral Bazar SO",+91 84019 69634,http://pramukhboyspg.com/,5.0,31.0,"30, opp. Ayurvedic College, Nalanda Nagar, Chalali, Nadiad, Gujarat 387003","Nalanda Nagar, Chalali",22.6831104,72.8803488,ChIJOWQhwghbXjkRc64viWZFq_4,https://www.google.com/maps/place/?q=place_id:ChIJOWQhwghbXjkRc64viWZFq_4,part_106,2026-09-20 16:45:22,22607
Government Boys Hostel,Hostels,Student dormitory,Student dormitory,387001,Gujarat Circle,Vadodara Region,Kheda Division,"Nadiad HO, Desai Vago SO, Dumral Bazar SO",N/A,N/A,4.1,22.0,"heerpark society, 33, Akshar Twp, Nadiad, Gujarat 387003",Akshar Township,22.6865259,72.8842841,ChIJo6dBJGpbXjkRQuK-278mmHM,https://www.google.com/maps/place/?q=place_id:ChIJo6dBJGpbXjkRQuK-278mmHM,part_106,2026-09-20 16:45:22,22608
Aarav Boys Hostel,Hostels,Student dormitory,Student dormitory,387001,Gujarat Circle,Vadodara Region,Kheda Division,"Nadiad HO, Desai Vago SO, Dumral Bazar SO",+91 268 252 6999,N/A,3.3,253.0,"College Rd, behind Ipcowala Hall, Nadiad, Gujarat 387370",387001,22.677029599999997,72.88043619999999,ChIJS5rlsN5aXjkRtJJ8lk5ty_4,https://www.google.com/maps/place/?q=place_id:ChIJS5rlsN5aXjkRtJJ8lk5ty_4,part_106,2026-09-20 16:45:22,22609
Prime Girls Hostel,Hostels,Student dormitory,Student dormitory,387001,Gujarat Circle,Vadodara Region,Kheda Division,"Nadiad HO, Desai Vago SO, Dumral Bazar SO",+91 72658 68888,N/A,4.0,43.0,"Prime square building, College Rd, Nadiad, Gujarat 387370",387001,22.6775739,72.8810909,ChIJJ_cwtd5aXjkRtqdK14gN-h8,https://www.google.com/maps/place/?q=place_id:ChIJJ_cwtd5aXjkRtqdK14gN-h8,part_106,2026-09-20 16:45:22,22610
DDU BOYS HOSTEL,Hostels,Student housing center,Student housing center,387001,Gujarat Circle,Vadodara Region,Kheda Division,"Nadiad HO, Desai Vago SO, Dumral Bazar SO",N/A,N/A,3.6,18.0,"Campus of Dr. N. D, desai medical College, College Rd, Chalali, Nadiad, Gujarat 387003",Chalali,22.6822038,72.882138,ChIJYU2SFj9bXjkRfRv9Jagx-84,https://www.google.com/maps/place/?q=place_id:ChIJYU2SFj9bXjkRfRv9Jagx-84,part_106,2026-09-20 16:45:22,22611
Jivan boys Hostel,Hostels,Backpacker Hostel,"Backpacker Hostel, Student dormitory",387001,Gujarat Circle,Vadodara Region,Kheda Division,"Nadiad HO, Desai Vago SO, Dumral Bazar SO",+91 79842 58858,N/A,4.0,1.0,"Somnath society, Civil Rd, Parvati Nagar Society, Yogiraj Society, Nadiad, Gujarat 387003","Parvati Nagar Society, Yogiraj Society",22.676887999999998,72.873634,ChIJZcuZbwFbXjkRRLVbdRFdSk4,https://www.google.com/maps/place/?q=place_id:ChIJZcuZbwFbXjkRRLVbdRFdSk4,part_106,2026-09-20 16:45:22,22612
"Kundanben dinsha patel,hostel",Hostels,Student dormitory,Student dormitory,387001,Gujarat Circle,Vadodara Region,Kheda Division,"Nadiad HO, Desai Vago SO, Dumral Bazar SO",+91 99245 02147,N/A,3.4,28.0,"MVQC+268, Alkapuri Rd, Shanti Nagar, Nadiad, Gujarat 387001",Shanti Nagar,22.687545999999998,72.870566,ChIJhbriRhlbXjkRPOfCWafAMhk,https://www.google.com/maps/place/?q=place_id:ChIJhbriRhlbXjkRPOfCWafAMhk,part_106,2026-09-20 16:45:22,22613
Krishna Girls Hostel,Hostels,Girls' hostel,Girls' hostel,387001,Gujarat Circle,Vadodara Region,Kheda Division,"Nadiad HO, Desai Vago SO, Dumral Bazar SO",+91 96244 59888,http://krishnagirlshostelnadiad.com/,4.2,252.0,"37, Kisan Samosa Ln, Akshar Twp, Nadiad, Gujarat 387001",Akshar Township,22.683355199999998,72.8865132,ChIJ1aZDPSdbXjkRr2mnDasoK9Y,https://www.google.com/maps/place/?q=place_id:ChIJ1aZDPSdbXjkRr2mnDasoK9Y,part_106,2026-09-20 16:45:22,22614
Vrunda Girl's Hostel,Hostels,Girls' hostel,Girls' hostel,387001,Gujarat Circle,Vadodara Region,Kheda Division,"Nadiad HO, Desai Vago SO, Dumral Bazar SO",+91 268 252 7577,N/A,4.2,60.0,"Vrunda Girl's Hostel, College Rd, opp. Aryuvedic College, next to DDIT College Campus, Chalali, Nadiad, Gujarat 387003",Chalali,22.682579,72.87885,ChIJu3nljyBbXjkRyr9tPAT2deo,https://www.google.com/maps/place/?q=place_id:ChIJu3nljyBbXjkRyr9tPAT2deo,part_106,2026-09-20 16:45:22,22615
Pramukh Mahol,Hostels,Boys' hostel,Boys' hostel,387001,Gujarat Circle,Vadodara Region,Kheda Division,"Nadiad HO, Desai Vago SO, Dumral Bazar SO",N/A,https://www.baps.org/humanitarianservices/Education-and-Research/Hostels/Nadiad.aspx,4.1,24.0,"MVQC+8HG, Alkapuri Rd, Shanti Nagar, Nadiad, Gujarat 387001",Shanti Nagar,22.6883083,72.8714555,ChIJrcZXY7NbXjkRZeaaPDY8sU4,https://www.google.com/maps/place/?q=place_id:ChIJrcZXY7NbXjkRZeaaPDY8sU4,part_106,2026-09-20 16:45:22,22616
LS BOYS HOSTEL,Hostels,Boys' hostel,Boys' hostel,387001,Gujarat Circle,Vadodara Region,Kheda Division,"Nadiad HO, Desai Vago SO, Dumral Bazar SO",+91 63529 98955,N/A,3.3,36.0,"MVCP+2HF, Uttarsanda Rd, opposite DMART, Nadiad, Gujarat 387370",387001,22.6700591,72.8864268,ChIJ3TIFYSJbXjkR3QbnvXAYgu4,https://www.google.com/maps/place/?q=place_id:ChIJ3TIFYSJbXjkR3QbnvXAYgu4,part_106,2026-09-20 16:45:22,22617
Ayurveda PG Hostel,Hostels,Apartment complex,Apartment complex,387001,Gujarat Circle,Vadodara Region,Kheda Division,"Nadiad HO, Desai Vago SO, Dumral Bazar SO",N/A,N/A,,,"MVMG+2M2, Nairobi Colony, Yogiraj Society, Nadiad, Gujarat 387003","Nairobi Colony, Yogiraj Society",22.682503,72.87664699999999,ChIJk22IUQBbXjkR9fByE_g7fmw,https://www.google.com/maps/place/?q=place_id:ChIJk22IUQBbXjkR9fByE_g7fmw,part_106,2026-09-20 16:45:22,22618
Vinayak PG Accommodations,Hostels,Student dormitory,"Student dormitory, Guest house",387001,Gujarat Circle,Vadodara Region,Kheda Division,"Nadiad HO, Desai Vago SO, Dumral Bazar SO",+91 97242 19215,N/A,3.6,38.0,"Blossom Aura, 503, College Rd, near DDIT Collage, Nadiad, Gujarat 387370",387001,22.6774876,72.8819166,ChIJO54pQtlaXjkRQTseD-w0500,https://www.google.com/maps/place/?q=place_id:ChIJO54pQtlaXjkRQTseD-w0500,part_106,2026-09-20 16:45:22,22619
STUDENT PG,Hostels,Lodge,Lodge,387001,Gujarat Circle,Vadodara Region,Kheda Division,"Nadiad HO, Desai Vago SO, Dumral Bazar SO",N/A,N/A,4.1,7.0,"Bunglow no 1 Dev Prem Park society, Kisan Samosa Ln, nr. Sudarshan dairy, Nadiad, Gujarat 387003",Chalali,22.6841369,72.8809323,ChIJt79W8gBbXjkR2t9yjdwyz0I,https://www.google.com/maps/place/?q=place_id:ChIJt79W8gBbXjkR2t9yjdwyz0I,part_106,2026-09-20 16:45:22,22620
Bansari Girl's Hostel,Hostels,Girls' hostel,Girls' hostel,387001,Gujarat Circle,Vadodara Region,Kheda Division,"Nadiad HO, Desai Vago SO, Dumral Bazar SO",+91 93270 21010,N/A,3.3,73.0,"Akshar Twp, Nadiad, Gujarat 387003",Akshar Township,22.683222,72.87872999999999,ChIJXVLP8iBbXjkRvXlGWB_nZtQ,https://www.google.com/maps/place/?q=place_id:ChIJXVLP8iBbXjkRvXlGWB_nZtQ,part_106,2026-09-20 16:45:22,22621
PG for Boys Nadiad,Hostels,Boys' hostel,Boys' hostel,387001,Gujarat Circle,Vadodara Region,Kheda Division,"Nadiad HO, Desai Vago SO, Dumral Bazar SO",+91 94265 75149,N/A,1.0,2.0,"67, College Rd, Nalanda Nagar, Chalali, Nadiad, Gujarat 387003","Nalanda Nagar, Chalali",22.6825461,72.8781805,ChIJzdiXeFFbXjkReL4_lny-WK0,https://www.google.com/maps/place/?q=place_id:ChIJzdiXeFFbXjkReL4_lny-WK0,part_106,2026-09-20 16:45:22,22622
Shakti Girls Hostel,Hostels,Girls' hostel,"Girls' hostel, Student dormitory",387001,Gujarat Circle,Vadodara Region,Kheda Division,"Nadiad HO, Desai Vago SO, Dumral Bazar SO",+91 70162 13411,N/A,4.1,12.0,"College Rd, opp. Ayurvedic College, Chalali, Nadiad, Gujarat 387003",Chalali,22.683518499999998,72.87783019999999,ChIJJxGxXchbXjkRVeNrrUna9BY,https://www.google.com/maps/place/?q=place_id:ChIJJxGxXchbXjkRVeNrrUna9BY,part_106,2026-09-20 16:45:22,22623
Vrundavan Society,Hostels,Housing development,Housing development,387001,Gujarat Circle,Vadodara Region,Kheda Division,"Nadiad HO, Desai Vago SO, Dumral Bazar SO",N/A,N/A,4.4,34.0,"Vrundavan Society, College Road, Vania Vad, Nadiad, Gujarat 387003","Nairobi Colony, Yogiraj Society",22.6847045,72.8755599,ChIJr59L0SFbXjkRQIHsXeEZmZ8,https://www.google.com/maps/place/?q=place_id:ChIJr59L0SFbXjkRQIHsXeEZmZ8,part_106,2026-09-20 16:45:22,22624
Madhuram Hostel for Boys,Hostels,Student dormitory,Student dormitory,387001,Gujarat Circle,Vadodara Region,Kheda Division,"Nadiad HO, Desai Vago SO, Dumral Bazar SO",N/A,N/A,1.0,,"MVQF+PCX, Nutan Park Society, Nadiad, Gujarat 387003",Nutan Park Society,22.6893748,72.87360939999999,ChIJbdzJ8hhbXjkReHW4LhK3D24,https://www.google.com/maps/place/?q=place_id:ChIJbdzJ8hhbXjkReHW4LhK3D24,part_106,2026-09-20 16:45:23,22625
Prince hostel,Hostels,Boys' hostel,"Boys' hostel, Student dormitory",387001,Gujarat Circle,Vadodara Region,Kheda Division,"Nadiad HO, Desai Vago SO, Dumral Bazar SO",+91 97265 83144,http://www.princehostel.com/,3.8,,"Main Gate 1, opp. Charusat Campus, Changa, Nadiad, Gujarat 388421",387001,22.597217,72.8223493,ChIJSzRMH1JRXjkRZA_CR7SDotc,https://www.google.com/maps/place/?q=place_id:ChIJSzRMH1JRXjkRZA_CR7SDotc,part_106,2026-09-20 16:45:24,22626
